x-axis,3
second,Volt
-0.009999999045,0
-0.009799999045,0
-0.009599999045,0.0625
-0.009399999045,-0.125
-0.009199999045,0
-0.008999999045,-0.0625
-0.008799999045,0.0625
-0.008599999045,-0.0625
-0.008399999045,0
-0.008199999045,0
-0.007999999045,-0.0625
-0.007799999045,0
-0.007599999045,0.0625
-0.007399999045,-0.125
-0.007199999045,0
-0.006999999045,0
-0.006799999045,-0.0625
-0.006599999045,0.0625
-0.006399999045,-0.0625
-0.006199999045,0
-0.005999999045,-0.0625
-0.005799999045,0.0625
-0.005599999045,-0.0625
-0.005399999045,-0.0625
-0.005199999045,0
-0.004999999045,0
-0.004799999045,-0.0625
-0.004599999045,-0.125
-0.004399999045,-0.125
-0.004199999045,0
-0.003999999045,-0.0625
-0.003799999045,-0.0625
-0.003599999045,0
-0.003399999045,0.0625
-0.003199999045,0
-0.002999999045,0
-0.002799999045,-0.125
-0.002599999045,0.0625
-0.002399999045,-0.0625
-0.002199999045,0
-0.001999999045,-0.0625
-0.001799999045,-0.0625
-0.001599999045,0.0625
-0.001399999045,0
-0.001199999045,-0.0625
-0.000999999045,0.0625
-0.000799999045,-0.125
-0.000599999045,-0.0625
-0.000399999045,-0.0625
-0.000199999045,0
9.5499999922e-10,2
0.000200000955,2.0625
0.000400000955,2.0625
0.000600000955,2
0.000800000955,2.0625
0.001000000955,2
0.001200000955,2
0.001400000955,2.0625
0.001600000955,2
0.001800000955,2.125
0.002000000955,2.0625
0.002200000955,2
0.002400000955,2
0.002600000955,2
0.002800000955,2.0625
0.003000000955,2.0625
0.003200000955,2.125
0.003400000955,2
0.003600000955,2
0.003800000955,2.125
0.004000000955,2.1875
0.004200000955,1.9375
0.004400000955,2.0625
0.004600000955,2
0.004800000955,2.0625
0.005000000955,2
0.005200000955,2.0625
0.005400000955,2
0.005600000955,2
0.005800000955,2.0625
0.006000000955,2.0625
0.006200000955,2.0625
0.006400000955,2.125
0.006600000955,2.0625
0.006800000955,2.0625
0.007000000955,2
0.007200000955,2
0.007400000955,2.0625
0.007600000955,2.0625
0.007800000955,2
0.008000000955,2.0625
0.008200000955,2
0.008400000955,2
0.008600000955,1.9375
0.008800000955,2
0.009000000955,2
0.009200000955,2.0625
0.009400000955,2
0.009600000955,2
0.009800000955,2.0625
0.010000000955,1.9375
0.010200000955,1.9375
0.010400000955,2
0.010600000955,2.1875
0.010800000955,1.9375
0.011000000955,1.9375
0.011200000955,1.875
0.011400000955,2
0.011600000955,2
0.011800000955,2
0.012000000955,1.9375
0.012200000955,2
0.012400000955,2.0625
0.012600000955,1.875
0.012800000955,2.0625
0.013000000955,2
0.013200000955,2
0.013400000955,1.9375
0.013600000955,2.0625
0.013800000955,1.9375
0.014000000955,2
0.014200000955,1.9375
0.014400000955,1.9375
0.014600000955,2.0625
0.014800000955,1.9375
0.015000000955,1.9375
0.015200000955,2
0.015400000955,2.0625
0.015600000955,2
0.015800000955,2.0625
0.016000000955,1.875
0.016200000955,2
0.016400000955,2
0.016600000955,2.0625
0.016800000955,2.0625
0.017000000955,2
0.017200000955,2
0.017400000955,2
0.017600000955,1.9375
0.017800000955,1.9375
0.018000000955,1.9375
0.018200000955,2
0.018400000955,1.9375
0.018600000955,2
0.018800000955,2.0625
0.019000000955,2
0.019200000955,1.875
0.019400000955,2
0.019600000955,1.875
0.019800000955,1.9375
0.020000000955,2
0.020200000955,2
0.020400000955,2
0.020600000955,2
0.020800000955,1.9375
0.021000000955,2
0.021200000955,2
0.021400000955,2
0.021600000955,2
0.021800000955,2.0625
0.022000000955,1.875
0.022200000955,1.9375
0.022400000955,2
0.022600000955,1.9375
0.022800000955,2
0.023000000955,1.875
0.023200000955,1.9375
0.023400000955,1.8125
0.023600000955,1.9375
0.023800000955,1.875
0.024000000955,1.875
0.024200000955,1.9375
0.024400000955,1.9375
0.024600000955,1.9375
0.024800000955,1.9375
0.025000000955,1.875
0.025200000955,1.9375
0.025400000955,1.875
0.025600000955,1.875
0.025800000955,1.9375
0.026000000955,1.875
0.026200000955,1.875
0.026400000955,1.9375
0.026600000955,1.9375
0.026800000955,1.9375
0.027000000955,1.8125
0.027200000955,2
0.027400000955,1.9375
0.027600000955,2
0.027800000955,1.875
0.028000000955,1.9375
0.028200000955,1.875
0.028400000955,1.875
0.028600000955,1.9375
0.028800000955,2
0.029000000955,2
0.029200000955,1.875
0.029400000955,1.9375
0.029600000955,1.9375
0.029800000955,1.875
0.030000000955,2
0.030200000955,1.8125
0.030400000955,2
0.030600000955,1.875
0.030800000955,1.875
0.031000000955,1.9375
0.031200000955,1.875
0.031400000955,1.875
0.031600000955,1.875
0.031800000955,2
0.032000000955,1.875
0.032200000955,1.875
0.032400000955,1.9375
0.032600000955,1.9375
0.032800000955,1.875
0.033000000955,1.9375
0.033200000955,1.875
0.033400000955,1.875
0.033600000955,1.9375
0.033800000955,1.9375
0.034000000955,1.9375
0.034200000955,1.875
0.034400000955,1.8125
0.034600000955,1.875
0.034800000955,1.8125
0.035000000955,1.875
0.035200000955,1.8125
0.035400000955,1.875
0.035600000955,1.9375
0.035800000955,1.875
0.036000000955,1.875
0.036200000955,1.875
0.036400000955,1.8125
0.036600000955,1.9375
0.036800000955,1.9375
0.037000000955,1.875
0.037200000955,1.875
0.037400000955,1.875
0.037600000955,1.9375
0.037800000955,1.9375
0.038000000955,1.9375
0.038200000955,1.8125
0.038400000955,1.9375
0.038600000955,1.8125
0.038800000955,1.875
0.039000000955,1.8125
0.039200000955,1.875
0.039400000955,1.8125
0.039600000955,1.8125
0.039800000955,1.8125
0.040000000955,1.75
0.040200000955,1.875
0.040400000955,1.8125
0.040600000955,1.8125
0.040800000955,1.875
0.041000000955,1.8125
0.041200000955,1.8125
0.041400000955,1.8125
0.041600000955,1.875
0.041800000955,1.875
0.042000000955,1.8125
0.042200000955,1.875
0.042400000955,1.8125
0.042600000955,1.75
0.042800000955,1.875
0.043000000955,1.8125
0.043200000955,1.9375
0.043400000955,1.8125
0.043600000955,1.75
0.043800000955,1.8125
0.044000000955,1.8125
0.044200000955,1.8125
0.044400000955,1.8125
0.044600000955,1.75
0.044800000955,1.875
0.045000000955,1.8125
0.045200000955,1.875
0.045400000955,1.875
0.045600000955,1.75
0.045800000955,1.9375
0.046000000955,1.875
0.046200000955,1.875
0.046400000955,1.875
0.046600000955,1.9375
0.046800000955,1.8125
0.047000000955,1.8125
0.047200000955,1.875
0.047400000955,1.875
0.047600000955,1.875
0.047800000955,1.8125
0.048000000955,1.75
0.048200000955,1.875
0.048400000955,1.875
0.048600000955,1.9375
0.048800000955,1.875
0.049000000955,1.8125
0.049200000955,1.8125
0.049400000955,1.875
0.049600000955,1.875
0.049800000955,1.75
0.050000000955,1.875
0.050200000955,1.875
0.050400000955,1.8125
0.050600000955,1.875
0.050800000955,1.875
0.051000000955,1.75
0.051200000955,1.8125
0.051400000955,1.875
0.051600000955,1.8125
0.051800000955,1.6875
0.052000000955,0.125
0.052200000955,-0.125
0.052400000955,0.0625
0.052600000955,-0.0625
0.052800000955,-0.0625
0.053000000955,0.0625
0.053200000955,0
0.053400000955,-0.0625
0.053600000955,0.0625
0.053800000955,-0.0625
0.054000000955,0
0.054200000955,0
0.054400000955,-0.0625
0.054600000955,-0.125
0.054800000955,-0.0625
0.055000000955,-0.0625
0.055200000955,-0.0625
0.055400000955,-0.0625
0.055600000955,-0.0625
0.055800000955,-0.0625
0.056000000955,0
0.056200000955,-0.0625
0.056400000955,-0.0625
0.056600000955,-0.0625
0.056800000955,-0.0625
0.057000000955,-0.0625
0.057200000955,0
0.057400000955,0.0625
0.057600000955,0
0.057800000955,-0.0625
0.058000000955,0
0.058200000955,-0.0625
0.058400000955,-0.0625
0.058600000955,-0.0625
0.058800000955,-0.0625
0.059000000955,-0.0625
0.059200000955,-0.0625
0.059400000955,-0.0625
0.059600000955,-0.0625
0.059800000955,-0.0625
0.060000000955,0.0625
0.060200000955,0.0625
0.060400000955,-0.0625
0.060600000955,-0.0625
0.060800000955,-0.0625
0.061000000955,0.125
0.061200000955,0
0.061400000955,0.0625
0.061600000955,-0.0625
0.061800000955,0
0.062000000955,0
0.062200000955,0
0.062400000955,0
0.062600000955,-0.0625
0.062800000955,-0.125
0.063000000955,-0.0625
0.063200000955,-0.0625
0.063400000955,0.0625
0.063600000955,-0.125
0.063800000955,0
0.064000000955,-0.0625
0.064200000955,0
0.064400000955,-0.0625
0.064600000955,0
0.064800000955,0
0.065000000955,0.0625
0.065200000955,-0.0625
0.065400000955,0.0625
0.065600000955,-0.125
0.065800000955,0
0.066000000955,-0.0625
0.066200000955,-0.0625
0.066400000955,0
0.066600000955,0
0.066800000955,0.0625
0.067000000955,0
0.067200000955,-0.0625
0.067400000955,0
0.067600000955,0
0.067800000955,0
0.068000000955,0.0625
0.068200000955,-0.0625
0.068400000955,0
0.068600000955,0
0.068800000955,0
0.069000000955,-0.0625
0.069200000955,0
0.069400000955,-0.0625
0.069600000955,0
0.069800000955,-0.0625
0.070000000955,0
0.070200000955,-0.0625
0.070400000955,0
0.070600000955,0
0.070800000955,0.0625
0.071000000955,-0.0625
0.071200000955,0
0.071400000955,0
0.071600000955,0.0625
0.071800000955,-0.0625
0.072000000955,0
0.072200000955,0
0.072400000955,0
0.072600000955,0
0.072800000955,0
0.073000000955,0
0.073200000955,-0.0625
0.073400000955,0
0.073600000955,-0.0625
0.073800000955,-0.125
0.074000000955,0
0.074200000955,0
0.074400000955,-0.0625
0.074600000955,-0.125
0.074800000955,0
0.075000000955,0
0.075200000955,0
0.075400000955,-0.0625
0.075600000955,-0.0625
0.075800000955,0
0.076000000955,-0.0625
0.076200000955,-0.0625
0.076400000955,0
0.076600000955,0
0.076800000955,0
0.077000000955,0
0.077200000955,-0.0625
0.077400000955,-0.0625
0.077600000955,0
0.077800000955,-0.0625
0.078000000955,-0.0625
0.078200000955,-0.0625
0.078400000955,0
0.078600000955,-0.0625
0.078800000955,-0.0625
0.079000000955,0
0.079200000955,-0.0625
0.079400000955,-0.0625
0.079600000955,0
0.079800000955,-0.0625
0.080000000955,0.0625
0.080200000955,0
0.080400000955,-0.0625
0.080600000955,-0.125
0.080800000955,0
0.081000000955,0
0.081200000955,0
0.081400000955,0
0.081600000955,0
0.081800000955,-0.0625
0.082000000955,-0.0625
0.082200000955,0
0.082400000955,0
0.082600000955,0
0.082800000955,-0.0625
0.083000000955,0
0.083200000955,-0.0625
0.083400000955,0
0.083600000955,-0.0625
0.083800000955,0
0.084000000955,-0.125
0.084200000955,-0.0625
0.084400000955,-0.0625
0.084600000955,0
0.084800000955,0
0.085000000955,0.0625
0.085200000955,0
0.085400000955,0
0.085600000955,0
0.085800000955,0
0.086000000955,-0.0625
0.086200000955,0.125
0.086400000955,0.0625
0.086600000955,-0.0625
0.086800000955,-0.0625
0.087000000955,-0.0625
0.087200000955,0.0625
0.087400000955,-0.0625
0.087600000955,0
0.087800000955,-0.0625
0.088000000955,-0.0625
0.088200000955,-0.0625
0.088400000955,0
0.088600000955,-0.0625
0.088800000955,-0.0625
0.089000000955,-0.0625
0.089200000955,-0.0625
0.089400000955,-0.0625
0.089600000955,0
0.089800000955,0
0.090000000955,-0.0625
0.090200000955,-0.0625
0.090400000955,0
0.090600000955,0
0.090800000955,-0.0625
0.091000000955,0
0.091200000955,-0.0625
0.091400000955,0
0.091600000955,-0.0625
0.091800000955,0.0625
0.092000000955,0.0625
0.092200000955,0
0.092400000955,-0.0625
0.092600000955,-0.0625
0.092800000955,0.0625
0.093000000955,0
0.093200000955,-0.0625
0.093400000955,-0.0625
0.093600000955,-0.0625
0.093800000955,-0.0625
0.094000000955,-0.125
0.094200000955,-0.125
0.094400000955,0
0.094600000955,-0.125
0.094800000955,0
0.095000000955,0
0.095200000955,0
0.095400000955,-0.0625
0.095600000955,-0.0625
0.095800000955,-0.0625
0.096000000955,-0.0625
0.096200000955,0
0.096400000955,0.0625
0.096600000955,0
0.096800000955,0.0625
0.097000000955,0
0.097200000955,0
0.097400000955,0
0.097600000955,-0.0625
0.097800000955,0
0.098000000955,-0.0625
0.098200000955,-0.0625
0.098400000955,0
0.098600000955,0
0.098800000955,-0.0625
0.099000000955,0
0.099200000955,0
0.099400000955,0
0.099600000955,-0.0625
0.099800000955,0.0625
0.100000000955,0
0.100200000955,0
0.100400000955,-0.0625
0.100600000955,0
0.100800000955,-0.0625
0.101000000955,0
0.101200000955,0
0.101400000955,0
0.101600000955,-0.0625
0.101800000955,-0.125
0.102000000955,-0.0625
0.102200000955,-0.0625
0.102400000955,0
0.102600000955,0.0625
0.102800000955,-0.0625
0.103000000955,0.0625
0.103200000955,0
0.103400000955,-0.125
0.103600000955,-0.0625
0.103800000955,-0.125
0.104000000955,-0.125
0.104200000955,-0.0625
0.104400000955,0
0.104600000955,-0.0625
0.104800000955,0.0625
0.105000000955,0
0.105200000955,-0.0625
0.105400000955,-0.0625
0.105600000955,0.0625
0.105800000955,0
0.106000000955,0
0.106200000955,-0.0625
0.106400000955,-0.0625
0.106600000955,-0.0625
0.106800000955,0
0.107000000955,0
0.107200000955,0
0.107400000955,-0.0625
0.107600000955,0.0625
0.107800000955,-0.125
0.108000000955,0
0.108200000955,0
0.108400000955,-0.0625
0.108600000955,0
0.108800000955,0.0625
0.109000000955,0
0.109200000955,0.0625
0.109400000955,-0.125
0.109600000955,0.0625
0.109800000955,0.0625
0.110000000955,0.0625
0.110200000955,0.0625
0.110400000955,-0.0625
0.110600000955,-0.125
0.110800000955,-0.0625
0.111000000955,0.0625
0.111200000955,0
0.111400000955,0
0.111600000955,0
0.111800000955,-0.125
0.112000000955,0
0.112200000955,0
0.112400000955,-0.0625
0.112600000955,-0.0625
0.112800000955,0
0.113000000955,0
0.113200000955,0
0.113400000955,0
0.113600000955,-0.0625
0.113800000955,-0.0625
0.114000000955,0
0.114200000955,0
0.114400000955,-0.0625
0.114600000955,-0.0625
0.114800000955,0
0.115000000955,-0.0625
0.115200000955,-0.0625
0.115400000955,-0.0625
0.115600000955,-0.125
0.115800000955,0.0625
0.116000000955,-0.0625
0.116200000955,-0.0625
0.116400000955,0
0.116600000955,0.0625
0.116800000955,-0.0625
0.117000000955,0
0.117200000955,0
0.117400000955,0
0.117600000955,0
0.117800000955,0
0.118000000955,-0.0625
0.118200000955,0
0.118400000955,-0.125
0.118600000955,0
0.118800000955,-0.0625
0.119000000955,-0.0625
0.119200000955,-0.0625
0.119400000955,0
0.119600000955,-0.0625
0.119800000955,0.0625
0.120000000955,-0.0625
0.120200000955,0
0.120400000955,-0.0625
0.120600000955,0
0.120800000955,-0.0625
0.121000000955,-0.125
0.121200000955,0.0625
0.121400000955,-0.125
0.121600000955,-0.1875
0.121800000955,-0.0625
0.122000000955,-0.0625
0.122200000955,0
0.122400000955,0
0.122600000955,0
0.122800000955,-0.125
0.123000000955,0.0625
0.123200000955,0.0625
0.123400000955,0
0.123600000955,-0.0625
0.123800000955,0
0.124000000955,0
0.124200000955,0.0625
0.124400000955,0.0625
0.124600000955,0
0.124800000955,-0.0625
0.125000000955,0
0.125200000955,0
0.125400000955,-0.0625
0.125600000955,0
0.125800000955,0
0.126000000955,-0.0625
0.126200000955,-0.125
0.126400000955,0
0.126600000955,-0.125
0.126800000955,0
0.127000000955,-0.125
0.127200000955,0
0.127400000955,-0.0625
0.127600000955,-0.125
0.127800000955,0
0.128000000955,-0.125
0.128200000955,-0.0625
0.128400000955,0
0.128600000955,0
0.128800000955,0
0.129000000955,-0.0625
0.129200000955,0.0625
0.129400000955,0
0.129600000955,-0.0625
0.129800000955,-0.0625
0.130000000955,0
0.130200000955,0
0.130400000955,0
0.130600000955,-0.125
0.130800000955,-0.125
0.131000000955,-0.0625
0.131200000955,0.0625
0.131400000955,-0.0625
0.131600000955,0.0625
0.131800000955,0.0625
0.132000000955,0
0.132200000955,-0.0625
0.132400000955,0
0.132600000955,0
0.132800000955,0
0.133000000955,-0.0625
0.133200000955,0
0.133400000955,0
0.133600000955,-0.0625
0.133800000955,-0.0625
0.134000000955,-0.0625
0.134200000955,0
0.134400000955,0
0.134600000955,-0.0625
0.134800000955,0
0.135000000955,-0.0625
0.135200000955,-0.0625
0.135400000955,-0.0625
0.135600000955,-0.0625
0.135800000955,0
0.136000000955,0
0.136200000955,0
0.136400000955,-0.0625
0.136600000955,-0.0625
0.136800000955,-0.0625
0.137000000955,0
0.137200000955,-0.0625
0.137400000955,0
0.137600000955,0
0.137800000955,0
0.138000000955,0
0.138200000955,0.0625
0.138400000955,-0.0625
0.138600000955,-0.0625
0.138800000955,0.0625
0.139000000955,0
0.139200000955,0
0.139400000955,-0.0625
0.139600000955,0
0.139800000955,0
0.140000000955,-0.0625
0.140200000955,0
0.140400000955,0
0.140600000955,-0.0625
0.140800000955,-0.0625
0.141000000955,-0.0625
0.141200000955,0
0.141400000955,0
0.141600000955,0
0.141800000955,-0.0625
0.142000000955,0.0625
0.142200000955,0
0.142400000955,0
0.142600000955,-0.0625
0.142800000955,-0.0625
0.143000000955,0.0625
0.143200000955,-0.0625
0.143400000955,0.0625
0.143600000955,-0.125
0.143800000955,-0.0625
0.144000000955,-0.0625
0.144200000955,-0.0625
0.144400000955,0
0.144600000955,-0.0625
0.144800000955,-0.0625
0.145000000955,0
0.145200000955,0.0625
0.145400000955,-0.0625
0.145600000955,-0.0625
0.145800000955,-0.0625
0.146000000955,0
0.146200000955,0
0.146400000955,0
0.146600000955,-0.0625
0.146800000955,0
0.147000000955,0
0.147200000955,0
0.147400000955,-0.0625
0.147600000955,-0.0625
0.147800000955,-0.125
0.148000000955,-0.0625
0.148200000955,-0.0625
0.148400000955,-0.0625
0.148600000955,-0.0625
0.148800000955,0.0625
0.149000000955,0
0.149200000955,0
0.149400000955,0
0.149600000955,-0.0625
0.149800000955,0
0.150000000955,0
0.150200000955,-0.0625
0.150400000955,0
0.150600000955,-0.0625
0.150800000955,0
0.151000000955,0
0.151200000955,-0.0625
0.151400000955,-0.125
0.151600000955,0
0.151800000955,-0.0625
0.152000000955,0
0.152200000955,-0.125
0.152400000955,0.125
0.152600000955,-0.0625
0.152800000955,0
0.153000000955,-0.0625
0.153200000955,0.0625
0.153400000955,0
0.153600000955,0.0625
0.153800000955,0
0.154000000955,0
0.154200000955,0.0625
0.154400000955,-0.125
0.154600000955,0
0.154800000955,-0.1875
0.155000000955,-0.0625
0.155200000955,0.0625
0.155400000955,0
0.155600000955,-0.0625
0.155800000955,-0.0625
0.156000000955,0.0625
0.156200000955,0
0.156400000955,-0.0625
0.156600000955,0
0.156800000955,-0.125
0.157000000955,-0.125
0.157200000955,0
0.157400000955,-0.0625
0.157600000955,0
0.157800000955,-0.0625
0.158000000955,-0.0625
0.158200000955,0
0.158400000955,-0.0625
0.158600000955,0.0625
0.158800000955,-0.0625
0.159000000955,0.0625
0.159200000955,-0.0625
0.159400000955,0
0.159600000955,0
0.159800000955,0
0.160000000955,0.0625
0.160200000955,-0.0625
0.160400000955,-0.0625
0.160600000955,-0.0625
0.160800000955,0
0.161000000955,-0.0625
0.161200000955,-0.125
0.161400000955,-0.0625
0.161600000955,0.0625
0.161800000955,0
0.162000000955,0
0.162200000955,-0.0625
0.162400000955,0
0.162600000955,0
0.162800000955,-0.125
0.163000000955,0
0.163200000955,-0.0625
0.163400000955,0
0.163600000955,0
0.163800000955,-0.0625
0.164000000955,0
0.164200000955,-0.0625
0.164400000955,-0.0625
0.164600000955,0
0.164800000955,0
0.165000000955,0
0.165200000955,-0.125
0.165400000955,-0.0625
0.165600000955,-0.0625
0.165800000955,0
0.166000000955,-0.0625
0.166200000955,-0.0625
0.166400000955,-0.0625
0.166600000955,0
0.166800000955,-0.0625
0.167000000955,-0.0625
0.167200000955,0
0.167400000955,0
0.167600000955,-0.0625
0.167800000955,0
0.168000000955,-0.0625
0.168200000955,-0.0625
0.168400000955,0
0.168600000955,0
0.168800000955,0
0.169000000955,0.0625
0.169200000955,0
0.169400000955,0
0.169600000955,0
0.169800000955,-0.0625
0.170000000955,-0.0625
0.170200000955,-0.0625
0.170400000955,-0.0625
0.170600000955,0
0.170800000955,-0.0625
0.171000000955,0
0.171200000955,-0.0625
0.171400000955,-0.0625
0.171600000955,-0.0625
0.171800000955,-0.0625
0.172000000955,-0.0625
0.172200000955,0
0.172400000955,-0.0625
0.172600000955,0
0.172800000955,0
0.173000000955,0
0.173200000955,-0.0625
0.173400000955,-0.0625
0.173600000955,0
0.173800000955,0
0.174000000955,-0.0625
0.174200000955,-0.0625
0.174400000955,-0.0625
0.174600000955,-0.0625
0.174800000955,0
0.175000000955,0
0.175200000955,0
0.175400000955,0.125
0.175600000955,0
0.175800000955,0
0.176000000955,0
0.176200000955,0
0.176400000955,-0.125
0.176600000955,-0.125
0.176800000955,0
0.177000000955,-0.0625
0.177200000955,0
0.177400000955,0
0.177600000955,0
0.177800000955,0
0.178000000955,-0.0625
0.178200000955,0
0.178400000955,-0.0625
0.178600000955,0
0.178800000955,-0.0625
0.179000000955,-0.0625
0.179200000955,-0.125
0.179400000955,-0.0625
0.179600000955,0.0625
0.179800000955,-0.0625
0.180000000955,0
0.180200000955,0
0.180400000955,0.0625
0.180600000955,-0.125
0.180800000955,-0.0625
0.181000000955,-0.0625
0.181200000955,-0.125
0.181400000955,0
0.181600000955,-0.0625
0.181800000955,0
0.182000000955,-0.0625
0.182200000955,-0.0625
0.182400000955,0
0.182600000955,0
0.182800000955,0
0.183000000955,-0.0625
0.183200000955,0
0.183400000955,-0.0625
0.183600000955,-0.0625
0.183800000955,-0.125
0.184000000955,0
0.184200000955,0
0.184400000955,0
0.184600000955,-0.0625
0.184800000955,-0.125
0.185000000955,0
0.185200000955,-0.0625
0.185400000955,0
0.185600000955,0
0.185800000955,-0.0625
0.186000000955,0
0.186200000955,0
0.186400000955,0
0.186600000955,-0.0625
0.186800000955,-0.0625
0.187000000955,0
0.187200000955,0
0.187400000955,-0.125
0.187600000955,-0.125
0.187800000955,0
0.188000000955,-0.0625
0.188200000955,-0.0625
0.188400000955,0
0.188600000955,-0.0625
0.188800000955,2.125
0.189000000955,2.125
0.189200000955,2.125
0.189400000955,2.125
0.189600000955,2.25
0.189800000955,2.125
0.190000000955,2.125
0.190200000955,2.125
0.190400000955,2.1875
0.190600000955,2.1875
0.190800000955,2.1875
0.191000000955,2.1875
0.191200000955,2.1875
0.191400000955,2.1875
0.191600000955,2.125
0.191800000955,2.1875
0.192000000955,2.125
0.192200000955,2.125
0.192400000955,2.125
0.192600000955,2.25
0.192800000955,2.1875
0.193000000955,2.25
0.193200000955,2.125
0.193400000955,2.25
0.193600000955,2.0625
0.193800000955,2.25
0.194000000955,2.125
0.194200000955,2.1875
0.194400000955,2.1875
0.194600000955,2.125
0.194800000955,2.25
0.195000000955,2.125
0.195200000955,2.1875
0.195400000955,2.0625
0.195600000955,2.125
0.195800000955,2.125
0.196000000955,2.125
0.196200000955,2.1875
0.196400000955,2.1875
0.196600000955,2.1875
0.196800000955,2.125
0.197000000955,2.25
0.197200000955,2.1875
0.197400000955,2.125
0.197600000955,2.125
0.197800000955,2.125
0.198000000955,2.1875
0.198200000955,2.1875
0.198400000955,2.125
0.198600000955,2.1875
0.198800000955,2.125
0.199000000955,2.1875
0.199200000955,2.125
0.199400000955,2.125
0.199600000955,2.125
0.199800000955,2.0625
0.200000000955,2.1875
0.200200000955,2.125
0.200400000955,2.0625
0.200600000955,2.125
0.200800000955,2.125
0.201000000955,2.125
0.201200000955,2
0.201400000955,2.125
0.201600000955,2
0.201800000955,2.1875
0.202000000955,2
0.202200000955,2.125
0.202400000955,2.1875
0.202600000955,2
0.202800000955,2.125
0.203000000955,2.125
0.203200000955,2.0625
0.203400000955,2.125
0.203600000955,2.1875
0.203800000955,2.0625
0.204000000955,2.0625
0.204200000955,2
0.204400000955,2.0625
0.204600000955,2.0625
0.204800000955,2.125
0.205000000955,2.0625
0.205200000955,2.0625
0.205400000955,2.0625
0.205600000955,2.0625
0.205800000955,2
0.206000000955,2.0625
0.206200000955,2.0625
0.206400000955,2.0625
0.206600000955,2.0625
0.206800000955,2.0625
0.207000000955,2.125
0.207200000955,2.0625
0.207400000955,2.0625
0.207600000955,2.1875
0.207800000955,2.0625
0.208000000955,2.0625
0.208200000955,2.125
0.208400000955,2.0625
0.208600000955,2.0625
0.208800000955,2.125
0.209000000955,2.125
0.209200000955,2
0.209400000955,2.125
0.209600000955,2.0625
0.209800000955,2.125
0.210000000955,2
0.210200000955,2
0.210400000955,2
0.210600000955,2.0625
0.210800000955,2.0625
0.211000000955,2
0.211200000955,2.0625
0.211400000955,2
0.211600000955,2
0.211800000955,2.125
0.212000000955,2
0.212200000955,2.0625
0.212400000955,2
0.212600000955,2.125
0.212800000955,2.0625
0.213000000955,2.0625
0.213200000955,2.125
0.213400000955,2.0625
0.213600000955,2.0625
0.213800000955,2.0625
0.214000000955,2.0625
0.214200000955,2
0.214400000955,2
0.214600000955,2
0.214800000955,2
0.215000000955,2.0625
0.215200000955,2
0.215400000955,2
0.215600000955,2.0625
0.215800000955,2.0625
0.216000000955,2
0.216200000955,2
0.216400000955,2
0.216600000955,2
0.216800000955,2.0625
0.217000000955,2
0.217200000955,2
0.217400000955,1.9375
0.217600000955,2.0625
0.217800000955,2.0625
0.218000000955,1.9375
0.218200000955,2
0.218400000955,2
0.218600000955,2.0625
0.218800000955,2
0.219000000955,2.0625
0.219200000955,2.0625
0.219400000955,2
0.219600000955,2
0.219800000955,2
0.220000000955,2
0.220200000955,1.875
0.220400000955,2.0625
0.220600000955,2
0.220800000955,2
0.221000000955,1.875
0.221200000955,2
0.221400000955,1.9375
0.221600000955,2
0.221800000955,1.9375
0.222000000955,1.9375
0.222200000955,1.9375
0.222400000955,1.9375
0.222600000955,2
0.222800000955,2
0.223000000955,1.875
0.223200000955,2.0625
0.223400000955,2
0.223600000955,2.0625
0.223800000955,1.9375
0.224000000955,2
0.224200000955,2.0625
0.224400000955,2
0.224600000955,2
0.224800000955,2
0.225000000955,1.9375
0.225200000955,1.9375
0.225400000955,2
0.225600000955,1.875
0.225800000955,1.875
0.226000000955,2
0.226200000955,1.9375
0.226400000955,2.0625
0.226600000955,1.875
0.226800000955,1.9375
0.227000000955,2
0.227200000955,1.9375
0.227400000955,2
0.227600000955,1.9375
0.227800000955,1.9375
0.228000000955,1.875
0.228200000955,1.9375
0.228400000955,1.9375
0.228600000955,1.9375
0.228800000955,1.9375
0.229000000955,2
0.229200000955,2
0.229400000955,1.9375
0.229600000955,1.9375
0.229800000955,1.9375
0.230000000955,1.9375
0.230200000955,2
0.230400000955,1.9375
0.230600000955,1.9375
0.230800000955,1.9375
0.231000000955,2
0.231200000955,1.8125
0.231400000955,2
0.231600000955,1.9375
0.231800000955,2
0.232000000955,1.9375
0.232200000955,2.0625
0.232400000955,1.9375
0.232600000955,2
0.232800000955,1.9375
0.233000000955,1.875
0.233200000955,2
0.233400000955,1.875
0.233600000955,2
0.233800000955,1.9375
0.234000000955,1.875
0.234200000955,1.8125
0.234400000955,1.9375
0.234600000955,2
0.234800000955,1.9375
0.235000000955,1.9375
0.235200000955,1.9375
0.235400000955,1.9375
0.235600000955,1.9375
0.235800000955,1.9375
0.236000000955,1.8125
0.236200000955,1.9375
0.236400000955,1.875
0.236600000955,1.9375
0.236800000955,1.9375
0.237000000955,1.9375
0.237200000955,1.9375
0.237400000955,1.9375
0.237600000955,1.9375
0.237800000955,1.875
0.238000000955,1.875
0.238200000955,1.875
0.238400000955,1.875
0.238600000955,1.9375
0.238800000955,1.875
0.239000000955,1.8125
0.239200000955,1.875
0.239400000955,1.875
0.239600000955,1.875
0.239800000955,2
0.240000000955,1.9375
0.240200000955,2
0.240400000955,1.875
0.240600000955,1.8125
0.240800000955,1.8125
0.241000000955,1.875
0.241200000955,2
0.241400000955,1.875
0.241600000955,1.8125
0.241800000955,1.875
0.242000000955,1.9375
0.242200000955,1.875
0.242400000955,1.9375
0.242600000955,1.9375
0.242800000955,1.8125
0.243000000955,1.875
0.243200000955,1.9375
0.243400000955,2
0.243600000955,1.875
0.243800000955,1.9375
0.244000000955,1.875
0.244200000955,1.9375
0.244400000955,1.9375
0.244600000955,1.8125
0.244800000955,1.875
0.245000000955,1.875
0.245200000955,1.875
0.245400000955,1.875
0.245600000955,1.875
0.245800000955,1.875
0.246000000955,1.875
0.246200000955,1.9375
0.246400000955,1.875
0.246600000955,1.875
0.246800000955,1.875
0.247000000955,1.75
0.247200000955,1.875
0.247400000955,1.9375
0.247600000955,1.875
0.247800000955,1.875
0.248000000955,1.8125
0.248200000955,1.875
0.248400000955,1.8125
0.248600000955,1.8125
0.248800000955,1.875
0.249000000955,1.875
0.249200000955,1.8125
0.249400000955,1.875
0.249600000955,1.8125
0.249800000955,1.875
0.250000000955,1.8125
0.250200000955,1.875
0.250400000955,1.75
0.250600000955,1.8125
0.250800000955,1.875
0.251000000955,1.875
0.251200000955,1.8125
0.251400000955,1.875
0.251600000955,1.8125
0.251800000955,1.8125
0.252000000955,1.875
0.252200000955,1.875
0.252400000955,1.9375
0.252600000955,1.75
0.252800000955,1.8125
0.253000000955,1.8125
0.253200000955,1.875
0.253400000955,1.8125
0.253600000955,1.875
0.253800000955,1.8125
0.254000000955,1.875
0.254200000955,1.8125
0.254400000955,1.8125
0.254600000955,1.875
0.254800000955,1.8125
0.255000000955,1.875
0.255200000955,1.8125
0.255400000955,1.8125
0.255600000955,1.8125
0.255800000955,1.75
0.256000000955,1.875
0.256200000955,1.6875
0.256400000955,1.75
0.256600000955,1.9375
0.256800000955,1.9375
0.257000000955,1.8125
0.257200000955,1.875
0.257400000955,1.8125
0.257600000955,1.8125
0.257800000955,1.8125
0.258000000955,0.3125
0.258200000955,-0.0625
0.258400000955,-0.0625
0.258600000955,-0.125
0.258800000955,0
0.259000000955,-0.1875
0.259200000955,0.0625
0.259400000955,0.125
0.259600000955,-0.125
0.259800000955,-0.0625
0.260000000955,-0.0625
0.260200000955,-0.0625
0.260400000955,-0.0625
0.260600000955,0
0.260800000955,-0.0625
0.261000000955,0
0.261200000955,0.0625
0.261400000955,-0.0625
0.261600000955,0
0.261800000955,0
0.262000000955,-0.0625
0.262200000955,-0.125
0.262400000955,0
0.262600000955,-0.125
0.262800000955,-0.0625
0.263000000955,0
0.263200000955,-0.0625
0.263400000955,0
0.263600000955,-0.0625
0.263800000955,0
0.264000000955,0
0.264200000955,0
0.264400000955,0
0.264600000955,-0.0625
0.264800000955,-0.125
0.265000000955,-0.0625
0.265200000955,-0.0625
0.265400000955,0
0.265600000955,0
0.265800000955,0
0.266000000955,-0.125
0.266200000955,-0.125
0.266400000955,0
0.266600000955,0
0.266800000955,-0.0625
0.267000000955,-0.0625
0.267200000955,0
0.267400000955,0
0.267600000955,0
0.267800000955,-0.0625
0.268000000955,-0.0625
0.268200000955,0
0.268400000955,0
0.268600000955,-0.125
0.268800000955,0
0.269000000955,-0.0625
0.269200000955,0
0.269400000955,0.0625
0.269600000955,0
0.269800000955,-0.0625
0.270000000955,-0.0625
0.270200000955,0
0.270400000955,-0.125
0.270600000955,-0.0625
0.270800000955,-0.0625
0.271000000955,-0.0625
0.271200000955,-0.0625
0.271400000955,-0.0625
0.271600000955,-0.0625
0.271800000955,-0.0625
0.272000000955,-0.0625
0.272200000955,0.0625
0.272400000955,-0.0625
0.272600000955,0
0.272800000955,-0.0625
0.273000000955,-0.0625
0.273200000955,0
0.273400000955,0
0.273600000955,-0.0625
0.273800000955,-0.125
0.274000000955,-0.0625
0.274200000955,0.0625
0.274400000955,-0.0625
0.274600000955,-0.0625
0.274800000955,-0.0625
0.275000000955,0
0.275200000955,0
0.275400000955,-0.0625
0.275600000955,0
0.275800000955,0
0.276000000955,0
0.276200000955,-0.125
0.276400000955,0.0625
0.276600000955,-0.0625
0.276800000955,0
0.277000000955,-0.0625
0.277200000955,-0.0625
0.277400000955,0.0625
0.277600000955,-0.125
0.277800000955,-0.0625
0.278000000955,-0.125
0.278200000955,0
0.278400000955,0
0.278600000955,0
0.278800000955,-0.0625
0.279000000955,-0.0625
0.279200000955,-0.125
0.279400000955,0
0.279600000955,-0.0625
0.279800000955,-0.0625
0.280000000955,0
0.280200000955,0
0.280400000955,0
0.280600000955,0
0.280800000955,-0.0625
0.281000000955,-0.125
0.281200000955,-0.0625
0.281400000955,-0.0625
0.281600000955,0
0.281800000955,0
0.282000000955,0
0.282200000955,-0.0625
0.282400000955,-0.0625
0.282600000955,-0.125
0.282800000955,0
0.283000000955,-0.0625
0.283200000955,-0.0625
0.283400000955,0.0625
0.283600000955,-0.0625
0.283800000955,-0.0625
0.284000000955,0
0.284200000955,-0.125
0.284400000955,-0.125
0.284600000955,0
0.284800000955,0.0625
0.285000000955,-0.125
0.285200000955,-0.0625
0.285400000955,0
0.285600000955,-0.0625
0.285800000955,-0.125
0.286000000955,-0.125
0.286200000955,-0.125
0.286400000955,0.0625
0.286600000955,0
0.286800000955,-0.0625
0.287000000955,-0.0625
0.287200000955,-0.0625
0.287400000955,-0.0625
0.287600000955,0.0625
0.287800000955,-0.0625
0.288000000955,0
0.288200000955,-0.0625
0.288400000955,-0.0625
0.288600000955,-0.0625
0.288800000955,-0.0625
0.289000000955,-0.0625
0.289200000955,0
0.289400000955,-0.125
0.289600000955,-0.125
0.289800000955,0
0.290000000955,0
0.290200000955,0.0625
0.290400000955,0
0.290600000955,0
0.290800000955,0.0625
0.291000000955,0.0625
0.291200000955,-0.0625
0.291400000955,0.0625
0.291600000955,0
0.291800000955,-0.125
0.292000000955,0
0.292200000955,0
0.292400000955,-0.0625
0.292600000955,-0.0625
0.292800000955,0.0625
0.293000000955,-0.125
0.293200000955,-0.125
0.293400000955,0
0.293600000955,-0.0625
0.293800000955,-0.0625
0.294000000955,0
0.294200000955,0.0625
0.294400000955,-0.0625
0.294600000955,0.0625
0.294800000955,-0.0625
0.295000000955,0
0.295200000955,0
0.295400000955,-0.0625
0.295600000955,0
0.295800000955,0
0.296000000955,0
0.296200000955,0
0.296400000955,0
0.296600000955,0
0.296800000955,-0.0625
0.297000000955,0
0.297200000955,-0.0625
0.297400000955,0.0625
0.297600000955,0
0.297800000955,0.0625
0.298000000955,0
0.298200000955,-0.0625
0.298400000955,0
0.298600000955,0
0.298800000955,0
0.299000000955,-0.0625
0.299200000955,-0.0625
0.299400000955,-0.0625
0.299600000955,0
0.299800000955,0.0625
0.300000000955,0.0625
0.300200000955,-0.0625
0.300400000955,0
0.300600000955,-0.0625
0.300800000955,-0.0625
0.301000000955,0
0.301200000955,-0.0625
0.301400000955,0
0.301600000955,0
0.301800000955,-0.0625
0.302000000955,0
0.302200000955,0
0.302400000955,-0.125
0.302600000955,0.0625
0.302800000955,0
0.303000000955,0
0.303200000955,-0.0625
0.303400000955,0
0.303600000955,-0.0625
0.303800000955,-0.0625
0.304000000955,0
0.304200000955,-0.0625
0.304400000955,-0.0625
0.304600000955,-0.0625
0.304800000955,-0.0625
0.305000000955,0
0.305200000955,0
0.305400000955,0.0625
0.305600000955,-0.125
0.305800000955,-0.125
0.306000000955,0
0.306200000955,0
0.306400000955,0
0.306600000955,-0.0625
0.306800000955,0
0.307000000955,0.0625
0.307200000955,0
0.307400000955,0.0625
0.307600000955,-0.0625
0.307800000955,-0.0625
0.308000000955,-0.125
0.308200000955,-0.0625
0.308400000955,-0.0625
0.308600000955,0.0625
0.308800000955,-0.0625
0.309000000955,-0.1875
0.309200000955,0.0625
0.309400000955,0.0625
0.309600000955,-0.0625
0.309800000955,-0.125
0.310000000955,-0.0625
0.310200000955,-0.125
0.310400000955,0
0.310600000955,-0.125
0.310800000955,0
0.311000000955,0.0625
0.311200000955,-0.0625
0.311400000955,0
0.311600000955,0
0.311800000955,0
0.312000000955,-0.0625
0.312200000955,0
0.312400000955,-0.0625
0.312600000955,0
0.312800000955,0
0.313000000955,-0.0625
0.313200000955,-0.0625
0.313400000955,-0.125
0.313600000955,0.0625
0.313800000955,-0.0625
0.314000000955,-0.0625
0.314200000955,-0.0625
0.314400000955,-0.0625
0.314600000955,0.0625
0.314800000955,-0.125
0.315000000955,0
0.315200000955,0
0.315400000955,-0.125
0.315600000955,-0.0625
0.315800000955,0
0.316000000955,-0.0625
0.316200000955,0.0625
0.316400000955,-0.0625
0.316600000955,0
0.316800000955,-0.0625
0.317000000955,0.0625
0.317200000955,-0.0625
0.317400000955,0
0.317600000955,0
0.317800000955,-0.0625
0.318000000955,0.0625
0.318200000955,-0.0625
0.318400000955,-0.0625
0.318600000955,0
0.318800000955,-0.0625
0.319000000955,-0.0625
0.319200000955,0
0.319400000955,0
0.319600000955,0
0.319800000955,-0.0625
0.320000000955,0
0.320200000955,0
0.320400000955,-0.0625
0.320600000955,-0.0625
0.320800000955,0
0.321000000955,0
0.321200000955,0
0.321400000955,-0.0625
0.321600000955,0.0625
0.321800000955,0
0.322000000955,0
0.322200000955,-0.0625
0.322400000955,0
0.322600000955,-0.0625
0.322800000955,-0.125
0.323000000955,-0.0625
0.323200000955,0.0625
0.323400000955,0.0625
0.323600000955,0
0.323800000955,0
0.324000000955,0
0.324200000955,0
0.324400000955,0
0.324600000955,-0.125
0.324800000955,-0.0625
0.325000000955,0
0.325200000955,-0.0625
0.325400000955,-0.0625
0.325600000955,0
0.325800000955,-0.125
0.326000000955,-0.0625
0.326200000955,0
0.326400000955,-0.0625
0.326600000955,0
0.326800000955,0.0625
0.327000000955,0.125
0.327200000955,-0.125
0.327400000955,-0.0625
0.327600000955,-0.0625
0.327800000955,-0.0625
0.328000000955,0
0.328200000955,0
0.328400000955,-0.0625
0.328600000955,-0.0625
0.328800000955,-0.0625
0.329000000955,0
0.329200000955,0
0.329400000955,-0.0625
0.329600000955,0
0.329800000955,-0.0625
0.330000000955,0
0.330200000955,-0.0625
0.330400000955,0
0.330600000955,-0.125
0.330800000955,0
0.331000000955,0
0.331200000955,0
0.331400000955,-0.0625
0.331600000955,0
0.331800000955,-0.0625
0.332000000955,-0.125
0.332200000955,0.0625
0.332400000955,0.0625
0.332600000955,-0.1875
0.332800000955,0
0.333000000955,0
0.333200000955,0.0625
0.333400000955,0
0.333600000955,-0.0625
0.333800000955,0
0.334000000955,-0.0625
0.334200000955,0.0625
0.334400000955,-0.0625
0.334600000955,0
0.334800000955,-0.0625
0.335000000955,0.0625
0.335200000955,0
0.335400000955,-0.0625
0.335600000955,-0.0625
0.335800000955,-0.0625
0.336000000955,0
0.336200000955,0
0.336400000955,-0.0625
0.336600000955,-0.0625
0.336800000955,0
0.337000000955,-0.125
0.337200000955,-0.0625
0.337400000955,0
0.337600000955,0
0.337800000955,0
0.338000000955,-0.0625
0.338200000955,0
0.338400000955,-0.0625
0.338600000955,-0.0625
0.338800000955,0
0.339000000955,-0.0625
0.339200000955,0.0625
0.339400000955,0
0.339600000955,0
0.339800000955,0
0.340000000955,0
0.340200000955,-0.0625
0.340400000955,0
0.340600000955,-0.0625
0.340800000955,-0.0625
0.341000000955,-0.125
0.341200000955,0
0.341400000955,0
0.341600000955,0
0.341800000955,0.0625
0.342000000955,-0.125
0.342200000955,0.0625
0.342400000955,-0.0625
0.342600000955,-0.0625
0.342800000955,0
0.343000000955,0
0.343200000955,-0.0625
0.343400000955,-0.0625
0.343600000955,-0.0625
0.343800000955,-0.0625
0.344000000955,0.0625
0.344200000955,0
0.344400000955,0
0.344600000955,0.0625
0.344800000955,0
0.345000000955,-0.0625
0.345200000955,0
0.345400000955,0
0.345600000955,0
0.345800000955,-0.0625
0.346000000955,0
0.346200000955,0
0.346400000955,-0.0625
0.346600000955,0.0625
0.346800000955,0
0.347000000955,-0.0625
0.347200000955,0.0625
0.347400000955,-0.0625
0.347600000955,0.0625
0.347800000955,-0.0625
0.348000000955,-0.125
0.348200000955,-0.0625
0.348400000955,-0.0625
0.348600000955,0.0625
0.348800000955,0
0.349000000955,0
0.349200000955,-0.125
0.349400000955,-0.125
0.349600000955,0.0625
0.349800000955,0
0.350000000955,0
0.350200000955,0
0.350400000955,-0.0625
0.350600000955,0
0.350800000955,-0.0625
0.351000000955,-0.0625
0.351200000955,-0.0625
0.351400000955,0
0.351600000955,-0.125
0.351800000955,0.0625
0.352000000955,0
0.352200000955,0
0.352400000955,-0.125
0.352600000955,-0.0625
0.352800000955,0
0.353000000955,0
0.353200000955,-0.0625
0.353400000955,-0.125
0.353600000955,0
0.353800000955,0
0.354000000955,0
0.354200000955,-0.0625
0.354400000955,0
0.354600000955,0.0625
0.354800000955,0.0625
0.355000000955,-0.0625
0.355200000955,0
0.355400000955,0
0.355600000955,-0.0625
0.355800000955,0
0.356000000955,-0.125
0.356200000955,-0.0625
0.356400000955,-0.0625
0.356600000955,0
0.356800000955,0
0.357000000955,-0.0625
0.357200000955,0
0.357400000955,-0.125
0.357600000955,-0.0625
0.357800000955,0
0.358000000955,0
0.358200000955,-0.0625
0.358400000955,0
0.358600000955,-0.0625
0.358800000955,-0.0625
0.359000000955,-0.0625
0.359200000955,-0.0625
0.359400000955,-0.0625
0.359600000955,0
0.359800000955,0
0.360000000955,0.0625
0.360200000955,-0.0625
0.360400000955,-0.125
0.360600000955,0
0.360800000955,-0.0625
0.361000000955,-0.0625
0.361200000955,-0.0625
0.361400000955,-0.125
0.361600000955,-0.0625
0.361800000955,0
0.362000000955,0
0.362200000955,0
0.362400000955,0.0625
0.362600000955,-0.0625
0.362800000955,0
0.363000000955,0
0.363200000955,-0.0625
0.363400000955,0
0.363600000955,0
0.363800000955,-0.0625
0.364000000955,0
0.364200000955,-0.0625
0.364400000955,0
0.364600000955,0
0.364800000955,-0.125
0.365000000955,0.0625
0.365200000955,-0.0625
0.365400000955,0
0.365600000955,-0.0625
0.365800000955,0
0.366000000955,-0.125
0.366200000955,-0.0625
0.366400000955,0.0625
0.366600000955,-0.0625
0.366800000955,0
0.367000000955,-0.0625
0.367200000955,-0.125
0.367400000955,0
0.367600000955,0
0.367800000955,-0.0625
0.368000000955,0
0.368200000955,0
0.368400000955,-0.0625
0.368600000955,0.0625
0.368800000955,0
0.369000000955,0
0.369200000955,0
0.369400000955,-0.125
0.369600000955,0
0.369800000955,0
0.370000000955,0
0.370200000955,-0.0625
0.370400000955,-0.0625
0.370600000955,-0.0625
0.370800000955,-0.0625
0.371000000955,-0.0625
0.371200000955,-0.0625
0.371400000955,-0.125
0.371600000955,-0.0625
0.371800000955,0
0.372000000955,0
0.372200000955,-0.0625
0.372400000955,0
0.372600000955,-0.0625
0.372800000955,0
0.373000000955,0
0.373200000955,-0.0625
0.373400000955,0
0.373600000955,0.0625
0.373800000955,-0.0625
0.374000000955,0.0625
0.374200000955,-0.125
0.374400000955,0.0625
0.374600000955,-0.125
0.374800000955,-0.0625
0.375000000955,-0.0625
0.375200000955,-0.0625
0.375400000955,0
0.375600000955,-0.125
0.375800000955,-0.125
0.376000000955,-0.125
0.376200000955,-0.0625
0.376400000955,0
0.376600000955,-0.125
0.376800000955,-0.0625
0.377000000955,0
0.377200000955,0
0.377400000955,-0.0625
0.377600000955,-0.125
0.377800000955,-0.0625
0.378000000955,0
0.378200000955,-0.0625
0.378400000955,-0.0625
0.378600000955,-0.0625
0.378800000955,-0.0625
0.379000000955,0
0.379200000955,0
0.379400000955,-0.0625
0.379600000955,-0.0625
0.379800000955,-0.125
0.380000000955,0
0.380200000955,0
0.380400000955,0
0.380600000955,0
0.380800000955,-0.0625
0.381000000955,-0.0625
0.381200000955,-0.0625
0.381400000955,-0.125
0.381600000955,-0.0625
0.381800000955,0
0.382000000955,0
0.382200000955,-0.0625
0.382400000955,0.125
0.382600000955,-0.125
0.382800000955,0.0625
0.383000000955,-0.0625
0.383200000955,0
0.383400000955,0.0625
0.383600000955,0
0.383800000955,-0.0625
0.384000000955,-0.0625
0.384200000955,0
0.384400000955,0.0625
0.384600000955,-0.0625
0.384800000955,0
0.385000000955,-0.125
0.385200000955,0
0.385400000955,-0.0625
0.385600000955,0
0.385800000955,-0.0625
0.386000000955,0
0.386200000955,-0.0625
0.386400000955,0
0.386600000955,-0.0625
0.386800000955,0
0.387000000955,-0.0625
0.387200000955,-0.0625
0.387400000955,0
0.387600000955,0
0.387800000955,0.0625
0.388000000955,0
0.388200000955,-0.0625
0.388400000955,0.125
0.388600000955,0
0.388800000955,-0.0625
0.389000000955,0
0.389200000955,-0.125
0.389400000955,0
0.389600000955,-0.0625
0.389800000955,0.0625
0.390000000955,-0.0625
0.390200000955,0
0.390400000955,-0.0625
0.390600000955,-0.0625
0.390800000955,-0.0625
0.391000000955,0
0.391200000955,0
0.391400000955,0.0625
0.391600000955,0.0625
0.391800000955,-0.0625
0.392000000955,-0.0625
0.392200000955,0.0625
0.392400000955,-0.0625
0.392600000955,0
0.392800000955,0
0.393000000955,-0.0625
0.393200000955,-0.0625
0.393400000955,-0.0625
0.393600000955,0
0.393800000955,-0.0625
0.394000000955,-0.0625
0.394200000955,-0.0625
0.394400000955,-0.0625
0.394600000955,0.0625
0.394800000955,0
0.395000000955,0
0.395200000955,-0.0625
0.395400000955,-0.0625
0.395600000955,0
0.395800000955,0.0625
0.396000000955,2
0.396200000955,2.1875
0.396400000955,2.0625
0.396600000955,2.125
0.396800000955,2.1875
0.397000000955,2.1875
0.397200000955,2.125
0.397400000955,2.1875
0.397600000955,2.1875
0.397800000955,2.125
0.398000000955,2.1875
0.398200000955,2.125
0.398400000955,2.3125
0.398600000955,2.1875
0.398800000955,2.0625
0.399000000955,2.1875
0.399200000955,2.1875
0.399400000955,2.1875
0.399600000955,2.125
0.399800000955,2.1875
0.400000000955,2.125
0.400200000955,2.25
0.400400000955,2.25
0.400600000955,2.1875
0.400800000955,2.125
0.401000000955,2.125
0.401200000955,2.1875
0.401400000955,2.1875
0.401600000955,2.1875
0.401800000955,2.1875
0.402000000955,2.125
0.402200000955,2.1875
0.402400000955,2.1875
0.402600000955,2.125
0.402800000955,2.1875
0.403000000955,2.1875
0.403200000955,2.125
0.403400000955,2.1875
0.403600000955,2.125
0.403800000955,2.125
0.404000000955,2.125
0.404200000955,2.125
0.404400000955,2.1875
0.404600000955,2.0625
0.404800000955,2.0625
0.405000000955,2.1875
0.405200000955,2.0625
0.405400000955,2.1875
0.405600000955,2.125
0.405800000955,2.1875
0.406000000955,2.1875
0.406200000955,2.0625
0.406400000955,2.1875
0.406600000955,2.0625
0.406800000955,2.125
0.407000000955,2.125
0.407200000955,2.1875
0.407400000955,2.125
0.407600000955,2.125
0.407800000955,2.0625
0.408000000955,2.1875
0.408200000955,2.125
0.408400000955,2.0625
0.408600000955,2.125
0.408800000955,2.125
0.409000000955,2.125
0.409200000955,2
0.409400000955,2.125
0.409600000955,2.1875
0.409800000955,2.125
0.410000000955,2.125
0.410200000955,2.0625
0.410400000955,2.125
0.410600000955,2.0625
0.410800000955,2.0625
0.411000000955,2.0625
0.411200000955,2.125
0.411400000955,2.125
0.411600000955,2.0625
0.411800000955,2.125
0.412000000955,2.0625
0.412200000955,2.1875
0.412400000955,2
0.412600000955,2.0625
0.412800000955,2.0625
0.413000000955,2.125
0.413200000955,2.0625
0.413400000955,2.125
0.413600000955,2.0625
0.413800000955,2
0.414000000955,2.0625
0.414200000955,2.0625
0.414400000955,2.0625
0.414600000955,2.0625
0.414800000955,2.0625
0.415000000955,2.125
0.415200000955,2.125
0.415400000955,2
0.415600000955,2.0625
0.415800000955,2.125
0.416000000955,2.0625
0.416200000955,2
0.416400000955,2
0.416600000955,2.0625
0.416800000955,2
0.417000000955,2.0625
0.417200000955,2
0.417400000955,2.0625
0.417600000955,2.0625
0.417800000955,2.0625
0.418000000955,2.125
0.418200000955,2.0625
0.418400000955,2.0625
0.418600000955,2.0625
0.418800000955,2.0625
0.419000000955,2.0625
0.419200000955,2.0625
0.419400000955,2.0625
0.419600000955,2.125
0.419800000955,2.0625
0.420000000955,2.0625
0.420200000955,2.0625
0.420400000955,1.9375
0.420600000955,2.0625
0.420800000955,2
0.421000000955,2.125
0.421200000955,2.0625
0.421400000955,1.9375
0.421600000955,2.0625
0.421800000955,2.0625
0.422000000955,2
0.422200000955,2.0625
0.422400000955,2
0.422600000955,2
0.422800000955,1.9375
0.423000000955,2.0625
0.423200000955,1.9375
0.423400000955,2
0.423600000955,2
0.423800000955,2
0.424000000955,2.0625
0.424200000955,2
0.424400000955,2
0.424600000955,2
0.424800000955,2
0.425000000955,2
0.425200000955,2.0625
0.425400000955,2
0.425600000955,2.0625
0.425800000955,2
0.426000000955,2
0.426200000955,1.9375
0.426400000955,2
0.426600000955,2
0.426800000955,2
0.427000000955,2
0.427200000955,1.9375
0.427400000955,2
0.427600000955,1.9375
0.427800000955,2.0625
0.428000000955,1.9375
0.428200000955,2
0.428400000955,2
0.428600000955,2
0.428800000955,1.9375
0.429000000955,2
0.429200000955,2
0.429400000955,1.9375
0.429600000955,2.0625
0.429800000955,2.0625
0.430000000955,1.9375
0.430200000955,2
0.430400000955,1.9375
0.430600000955,1.9375
0.430800000955,2
0.431000000955,2
0.431200000955,1.875
0.431400000955,2
0.431600000955,2
0.431800000955,2
0.432000000955,1.9375
0.432200000955,2
0.432400000955,2.0625
0.432600000955,1.9375
0.432800000955,2.0625
0.433000000955,2
0.433200000955,1.9375
0.433400000955,2
0.433600000955,1.9375
0.433800000955,1.9375
0.434000000955,1.875
0.434200000955,1.9375
0.434400000955,2
0.434600000955,1.9375
0.434800000955,2
0.435000000955,1.9375
0.435200000955,1.9375
0.435400000955,1.875
0.435600000955,1.9375
0.435800000955,1.875
0.436000000955,1.9375
0.436200000955,2
0.436400000955,1.9375
0.436600000955,1.875
0.436800000955,2
0.437000000955,2
0.437200000955,1.9375
0.437400000955,1.875
0.437600000955,2
0.437800000955,1.875
0.438000000955,2
0.438200000955,1.9375
0.438400000955,1.9375
0.438600000955,2
0.438800000955,2
0.439000000955,1.9375
0.439200000955,1.875
0.439400000955,1.875
0.439600000955,1.875
0.439800000955,1.875
0.440000000955,2
0.440200000955,1.9375
0.440400000955,1.9375
0.440600000955,1.9375
0.440800000955,1.9375
0.441000000955,1.875
0.441200000955,1.875
0.441400000955,1.9375
0.441600000955,1.9375
0.441800000955,1.875
0.442000000955,1.9375
0.442200000955,1.875
0.442400000955,2
0.442600000955,1.875
0.442800000955,1.9375
0.443000000955,1.9375
0.443200000955,1.9375
0.443400000955,1.9375
0.443600000955,1.9375
0.443800000955,1.9375
0.444000000955,2
0.444200000955,1.9375
0.444400000955,1.8125
0.444600000955,1.875
0.444800000955,1.9375
0.445000000955,1.8125
0.445200000955,2
0.445400000955,1.875
0.445600000955,1.9375
0.445800000955,1.8125
0.446000000955,1.8125
0.446200000955,1.875
0.446400000955,1.875
0.446600000955,1.9375
0.446800000955,1.8125
0.447000000955,2
0.447200000955,1.875
0.447400000955,1.875
0.447600000955,1.875
0.447800000955,1.875
0.448000000955,1.875
0.448200000955,1.8125
0.448400000955,2
0.448600000955,1.9375
0.448800000955,1.8125
0.449000000955,1.9375
0.449200000955,1.9375
0.449400000955,1.875
0.449600000955,1.9375
0.449800000955,1.9375
0.450000000955,1.9375
0.450200000955,1.875
0.450400000955,1.875
0.450600000955,2
0.450800000955,1.9375
0.451000000955,1.875
0.451200000955,1.875
0.451400000955,1.875
0.451600000955,1.8125
0.451800000955,1.8125
0.452000000955,1.9375
0.452200000955,1.875
0.452400000955,1.875
0.452600000955,1.875
0.452800000955,1.875
0.453000000955,1.9375
0.453200000955,1.875
0.453400000955,1.9375
0.453600000955,1.875
0.453800000955,1.8125
0.454000000955,1.875
0.454200000955,1.875
0.454400000955,1.875
0.454600000955,1.875
0.454800000955,1.875
0.455000000955,1.9375
0.455200000955,1.8125
0.455400000955,1.875
0.455600000955,1.875
0.455800000955,1.875
0.456000000955,1.75
0.456200000955,1.8125
0.456400000955,1.8125
0.456600000955,1.875
0.456800000955,1.9375
0.457000000955,1.9375
0.457200000955,1.9375
0.457400000955,1.75
0.457600000955,1.875
0.457800000955,1.75
0.458000000955,1.9375
0.458200000955,1.75
0.458400000955,1.875
0.458600000955,1.875
0.458800000955,1.8125
0.459000000955,1.75
0.459200000955,1.875
0.459400000955,1.9375
0.459600000955,1.875
0.459800000955,1.875
0.460000000955,1.875
0.460200000955,1.875
0.460400000955,1.875
0.460600000955,1.875
0.460800000955,1.9375
0.461000000955,1.75
0.461200000955,1.875
0.461400000955,1.8125
0.461600000955,1.9375
0.461800000955,1.875
0.462000000955,1.8125
0.462200000955,1.8125
0.462400000955,1.875
0.462600000955,1.875
0.462800000955,1.875
0.463000000955,1.875
0.463200000955,1.8125
0.463400000955,1.8125
0.463600000955,1.8125
0.463800000955,1.875
0.464000000955,1.9375
0.464200000955,1.8125
0.464400000955,1.875
0.464600000955,1.875
0.464800000955,1.8125
0.465000000955,1.8125
0.465200000955,1.8125
0.465400000955,1.75
0.465600000955,1.9375
0.465800000955,1.875
0.466000000955,1.875
0.466200000955,1.875
0.466400000955,1.8125
0.466600000955,1.875
0.466800000955,1.875
0.467000000955,1.875
0.467200000955,1.8125
0.467400000955,1.875
0.467600000955,1.75
0.467800000955,1.8125
0.468000000955,1.8125
0.468200000955,1.8125
0.468400000955,1.8125
0.468600000955,1.875
0.468800000955,1.8125
0.469000000955,1.8125
0.469200000955,1.8125
0.469400000955,1.8125
0.469600000955,1.75
0.469800000955,1.875
0.470000000955,1.375
0.470200000955,-0.0625
0.470400000955,-0.0625
0.470600000955,0
0.470800000955,-0.0625
0.471000000955,-0.0625
0.471200000955,-0.125
0.471400000955,-0.0625
0.471600000955,-0.0625
0.471800000955,-0.0625
0.472000000955,-0.0625
0.472200000955,0
0.472400000955,-0.0625
0.472600000955,-0.125
0.472800000955,0
0.473000000955,0
0.473200000955,-0.0625
0.473400000955,0
0.473600000955,0
0.473800000955,-0.0625
0.474000000955,0.0625
0.474200000955,0.0625
0.474400000955,-0.0625
0.474600000955,0.0625
0.474800000955,0
0.475000000955,-0.0625
0.475200000955,0
0.475400000955,0
0.475600000955,-0.125
0.475800000955,0
0.476000000955,0
0.476200000955,0
0.476400000955,-0.0625
0.476600000955,-0.125
0.476800000955,-0.0625
0.477000000955,0
0.477200000955,-0.0625
0.477400000955,-0.1875
0.477600000955,-0.0625
0.477800000955,0
0.478000000955,-0.0625
0.478200000955,-0.0625
0.478400000955,0
0.478600000955,0.0625
0.478800000955,-0.0625
0.479000000955,0
0.479200000955,0
0.479400000955,-0.0625
0.479600000955,0.0625
0.479800000955,-0.125
0.480000000955,0.0625
0.480200000955,-0.0625
0.480400000955,-0.0625
0.480600000955,-0.0625
0.480800000955,-0.0625
0.481000000955,-0.125
0.481200000955,-0.0625
0.481400000955,-0.0625
0.481600000955,-0.0625
0.481800000955,-0.0625
0.482000000955,-0.125
0.482200000955,0
0.482400000955,0
0.482600000955,-0.0625
0.482800000955,0
0.483000000955,0
0.483200000955,-0.125
0.483400000955,-0.0625
0.483600000955,0
0.483800000955,0.0625
0.484000000955,-0.0625
0.484200000955,0
0.484400000955,0
0.484600000955,-0.0625
0.484800000955,-0.0625
0.485000000955,0
0.485200000955,-0.0625
0.485400000955,-0.0625
0.485600000955,-0.0625
0.485800000955,-0.0625
0.486000000955,-0.125
0.486200000955,-0.125
0.486400000955,-0.0625
0.486600000955,0
0.486800000955,-0.0625
0.487000000955,-0.0625
0.487200000955,-0.125
0.487400000955,0.0625
0.487600000955,0
0.487800000955,-0.0625
0.488000000955,-0.125
0.488200000955,0.0625
0.488400000955,-0.0625
0.488600000955,-0.0625
0.488800000955,0
0.489000000955,0
0.489200000955,0
0.489400000955,-0.0625
0.489600000955,-0.0625
0.489800000955,0
0.490000000955,0.0625
0.490200000955,-0.0625
0.490400000955,-0.0625
0.490600000955,0.0625
0.490800000955,0
0.491000000955,0
0.491200000955,0.0625
0.491400000955,-0.125
0.491600000955,0.0625
0.491800000955,0.0625
0.492000000955,0.0625
0.492200000955,-0.0625
0.492400000955,0
0.492600000955,-0.0625
0.492800000955,0
0.493000000955,0
0.493200000955,-0.0625
0.493400000955,-0.125
0.493600000955,0
0.493800000955,-0.0625
0.494000000955,-0.0625
0.494200000955,0.0625
0.494400000955,0.0625
0.494600000955,-0.0625
0.494800000955,-0.0625
0.495000000955,-0.125
0.495200000955,-0.0625
0.495400000955,0
0.495600000955,-0.125
0.495800000955,0
0.496000000955,-0.0625
0.496200000955,-0.0625
0.496400000955,0
0.496600000955,-0.0625
0.496800000955,0
0.497000000955,-0.0625
0.497200000955,-0.125
0.497400000955,-0.0625
0.497600000955,0
0.497800000955,0
0.498000000955,0
0.498200000955,-0.125
0.498400000955,-0.125
0.498600000955,0
0.498800000955,-0.0625
0.499000000955,-0.0625
0.499200000955,0
0.499400000955,0.0625
0.499600000955,0.0625
0.499800000955,0
0.500000000955,0
0.500200000955,-0.125
0.500400000955,-0.125
0.500600000955,-0.125
0.500800000955,-0.0625
0.501000000955,-0.125
0.501200000955,-0.0625
0.501400000955,-0.0625
0.501600000955,0.0625
0.501800000955,-0.0625
0.502000000955,-0.0625
0.502200000955,0
0.502400000955,0
0.502600000955,0.0625
0.502800000955,-0.1875
0.503000000955,0
0.503200000955,0
0.503400000955,-0.0625
0.503600000955,-0.125
0.503800000955,-0.0625
0.504000000955,-0.0625
0.504200000955,0
0.504400000955,-0.125
0.504600000955,0
0.504800000955,-0.0625
0.505000000955,0.0625
0.505200000955,-0.0625
0.505400000955,-0.0625
0.505600000955,-0.0625
0.505800000955,-0.0625
0.506000000955,0
0.506200000955,0
0.506400000955,0.0625
0.506600000955,-0.0625
0.506800000955,0
0.507000000955,0.0625
0.507200000955,0
0.507400000955,0
0.507600000955,0
0.507800000955,-0.0625
0.508000000955,-0.0625
0.508200000955,0
0.508400000955,-0.0625
0.508600000955,-0.0625
0.508800000955,0
0.509000000955,-0.0625
0.509200000955,0
0.509400000955,-0.0625
0.509600000955,0
0.509800000955,-0.125
0.510000000955,-0.0625
0.510200000955,-0.125
0.510400000955,-0.0625
0.510600000955,-0.125
0.510800000955,0
0.511000000955,-0.0625
0.511200000955,0
0.511400000955,-0.0625
0.511600000955,-0.125
0.511800000955,-0.0625
0.512000000955,0.0625
0.512200000955,0
0.512400000955,-0.125
0.512600000955,0
0.512800000955,-0.0625
0.513000000955,-0.0625
0.513200000955,0
0.513400000955,-0.0625
0.513600000955,0
0.513800000955,-0.0625
0.514000000955,0
0.514200000955,0
0.514400000955,0.0625
0.514600000955,-0.125
0.514800000955,-0.125
0.515000000955,-0.125
0.515200000955,-0.125
0.515400000955,0
0.515600000955,-0.0625
0.515800000955,0
0.516000000955,-0.0625
0.516200000955,0.0625
0.516400000955,-0.0625
0.516600000955,-0.0625
0.516800000955,-0.0625
0.517000000955,-0.0625
0.517200000955,0
0.517400000955,0
0.517600000955,-0.125
0.517800000955,-0.0625
0.518000000955,-0.0625
0.518200000955,-0.125
0.518400000955,-0.0625
0.518600000955,-0.0625
0.518800000955,-0.0625
0.519000000955,0
0.519200000955,0
0.519400000955,0.0625
0.519600000955,-0.0625
0.519800000955,-0.0625
0.520000000955,-0.0625
0.520200000955,0
0.520400000955,0
0.520600000955,-0.0625
0.520800000955,-0.0625
0.521000000955,-0.0625
0.521200000955,0
0.521400000955,-0.0625
0.521600000955,0.0625
0.521800000955,0.0625
0.522000000955,-0.0625
0.522200000955,0.0625
0.522400000955,0
0.522600000955,0
0.522800000955,0
0.523000000955,-0.0625
0.523200000955,-0.0625
0.523400000955,0
0.523600000955,0
0.523800000955,0
0.524000000955,0.0625
0.524200000955,-0.0625
0.524400000955,-0.0625
0.524600000955,-0.125
0.524800000955,0.0625
0.525000000955,-0.0625
0.525200000955,0
0.525400000955,0
0.525600000955,-0.0625
0.525800000955,-0.0625
0.526000000955,0
0.526200000955,-0.125
0.526400000955,-0.0625
0.526600000955,-0.0625
0.526800000955,-0.0625
0.527000000955,0
0.527200000955,-0.1875
0.527400000955,0.0625
0.527600000955,0
0.527800000955,-0.0625
0.528000000955,-0.0625
0.528200000955,0
0.528400000955,-0.0625
0.528600000955,0
0.528800000955,0
0.529000000955,0
0.529200000955,-0.0625
0.529400000955,0
0.529600000955,0
0.529800000955,-0.0625
0.530000000955,-0.0625
0.530200000955,-0.0625
0.530400000955,0
0.530600000955,0
0.530800000955,0
0.531000000955,0
0.531200000955,0
0.531400000955,0.125
0.531600000955,0.0625
0.531800000955,-0.0625
0.532000000955,-0.0625
0.532200000955,0
0.532400000955,0
0.532600000955,-0.0625
0.532800000955,-0.0625
0.533000000955,-0.0625
0.533200000955,-0.0625
0.533400000955,-0.0625
0.533600000955,-0.0625
0.533800000955,-0.0625
0.534000000955,0
0.534200000955,0
0.534400000955,0.0625
0.534600000955,-0.0625
0.534800000955,-0.0625
0.535000000955,-0.0625
0.535200000955,-0.0625
0.535400000955,-0.0625
0.535600000955,0
0.535800000955,0
0.536000000955,-0.0625
0.536200000955,0
0.536400000955,-0.125
0.536600000955,0
0.536800000955,-0.0625
0.537000000955,0
0.537200000955,0
0.537400000955,-0.0625
0.537600000955,0
0.537800000955,0
0.538000000955,-0.1875
0.538200000955,-0.0625
0.538400000955,0
0.538600000955,0
0.538800000955,-0.0625
0.539000000955,-0.0625
0.539200000955,-0.0625
0.539400000955,0.0625
0.539600000955,0
0.539800000955,-0.0625
0.540000000955,-0.0625
0.540200000955,-0.0625
0.540400000955,-0.0625
0.540600000955,-0.0625
0.540800000955,-0.0625
0.541000000955,0
0.541200000955,0
0.541400000955,0
0.541600000955,0.0625
0.541800000955,0
0.542000000955,0
0.542200000955,-0.0625
0.542400000955,-0.0625
0.542600000955,-0.0625
0.542800000955,-0.125
0.543000000955,-0.125
0.543200000955,0.0625
0.543400000955,-0.0625
0.543600000955,0
0.543800000955,-0.0625
0.544000000955,0
0.544200000955,0
0.544400000955,0
0.544600000955,0
0.544800000955,0
0.545000000955,0.0625
0.545200000955,0.0625
0.545400000955,-0.125
0.545600000955,0
0.545800000955,0
0.546000000955,-0.0625
0.546200000955,-0.0625
0.546400000955,-0.0625
0.546600000955,0
0.546800000955,0
0.547000000955,-0.125
0.547200000955,-0.0625
0.547400000955,0
0.547600000955,-0.0625
0.547800000955,0
0.548000000955,0
0.548200000955,0
0.548400000955,0.0625
0.548600000955,0
0.548800000955,-0.125
0.549000000955,-0.0625
0.549200000955,0.0625
0.549400000955,0
0.549600000955,-0.0625
0.549800000955,-0.0625
0.550000000955,-0.0625
0.550200000955,0
0.550400000955,0
0.550600000955,0
0.550800000955,-0.0625
0.551000000955,-0.0625
0.551200000955,0.0625
0.551400000955,0.0625
0.551600000955,0.0625
0.551800000955,-0.0625
0.552000000955,0.0625
0.552200000955,0.0625
0.552400000955,0
0.552600000955,-0.0625
0.552800000955,-0.0625
0.553000000955,-0.0625
0.553200000955,-0.0625
0.553400000955,-0.0625
0.553600000955,-0.0625
0.553800000955,-0.0625
0.554000000955,0.0625
0.554200000955,0
0.554400000955,-0.125
0.554600000955,-0.125
0.554800000955,0
0.555000000955,-0.0625
0.555200000955,-0.125
0.555400000955,0.0625
0.555600000955,0
0.555800000955,0
0.556000000955,-0.0625
0.556200000955,0
0.556400000955,0
0.556600000955,0.0625
0.556800000955,-0.0625
0.557000000955,-0.0625
0.557200000955,0.0625
0.557400000955,0
0.557600000955,0.0625
0.557800000955,0
0.558000000955,-0.125
0.558200000955,-0.0625
0.558400000955,-0.125
0.558600000955,0.0625
0.558800000955,-0.1875
0.559000000955,0
0.559200000955,-0.0625
0.559400000955,0
0.559600000955,-0.0625
0.559800000955,0.0625
0.560000000955,-0.0625
0.560200000955,0
0.560400000955,-0.0625
0.560600000955,0
0.560800000955,-0.1875
0.561000000955,0
0.561200000955,-0.0625
0.561400000955,-0.0625
0.561600000955,-0.125
0.561800000955,0
0.562000000955,-0.0625
0.562200000955,-0.0625
0.562400000955,0
0.562600000955,0
0.562800000955,0
0.563000000955,0.0625
0.563200000955,0
0.563400000955,-0.125
0.563600000955,-0.0625
0.563800000955,0
0.564000000955,0
0.564200000955,-0.0625
0.564400000955,-0.0625
0.564600000955,-0.0625
0.564800000955,-0.125
0.565000000955,-0.125
0.565200000955,-0.125
0.565400000955,0
0.565600000955,-0.0625
0.565800000955,-0.0625
0.566000000955,0
0.566200000955,0.0625
0.566400000955,0
0.566600000955,-0.0625
0.566800000955,-0.0625
0.567000000955,-0.0625
0.567200000955,-0.0625
0.567400000955,2.125
0.567600000955,2.1875
0.567800000955,2.125
0.568000000955,2.1875
0.568200000955,2.125
0.568400000955,2.0625
0.568600000955,2.25
0.568800000955,2.25
0.569000000955,2.1875
0.569200000955,2.1875
0.569400000955,2.1875
0.569600000955,2.1875
0.569800000955,2.1875
0.570000000955,2.25
0.570200000955,2.25
0.570400000955,2.3125
0.570600000955,2.1875
0.570800000955,2.1875
0.571000000955,2.125
0.571200000955,2.125
0.571400000955,2.1875
0.571600000955,2.125
0.571800000955,2.25
0.572000000955,2.25
0.572200000955,2.1875
0.572400000955,2.25
0.572600000955,2.125
0.572800000955,2.1875
0.573000000955,2.1875
0.573200000955,2.1875
0.573400000955,2.25
0.573600000955,2.125
0.573800000955,2.125
0.574000000955,2.25
0.574200000955,2.1875
0.574400000955,2.1875
0.574600000955,2.25
0.574800000955,2.1875
0.575000000955,2.1875
0.575200000955,2.1875
0.575400000955,2.1875
0.575600000955,2.3125
0.575800000955,2.1875
0.576000000955,2.125
0.576200000955,2.0625
0.576400000955,2.3125
0.576600000955,2.0625
0.576800000955,2.125
0.577000000955,2.25
0.577200000955,2.125
0.577400000955,2.25
0.577600000955,2.1875
0.577800000955,2.125
0.578000000955,2.25
0.578200000955,2.1875
0.578400000955,2.1875
0.578600000955,2.0625
0.578800000955,2.1875
0.579000000955,2.125
0.579200000955,2.125
0.579400000955,2.125
0.579600000955,2.1875
0.579800000955,2.125
0.580000000955,2.1875
0.580200000955,2.125
0.580400000955,2.125
0.580600000955,2.125
0.580800000955,2.125
0.581000000955,2.1875
0.581200000955,2.1875
0.581400000955,2.0625
0.581600000955,2.1875
0.581800000955,2.1875
0.582000000955,2.0625
0.582200000955,2.0625
0.582400000955,2.125
0.582600000955,2.125
0.582800000955,2.1875
0.583000000955,2.125
0.583200000955,2.125
0.583400000955,2.0625
0.583600000955,2.0625
0.583800000955,2.0625
0.584000000955,2.125
0.584200000955,2.125
0.584400000955,2.25
0.584600000955,2.125
0.584800000955,2.1875
0.585000000955,2.1875
0.585200000955,2.125
0.585400000955,2.1875
0.585600000955,2.0625
0.585800000955,2.125
0.586000000955,2.1875
0.586200000955,2.125
0.586400000955,2.125
0.586600000955,2.125
0.586800000955,2.125
0.587000000955,2.125
0.587200000955,2.0625
0.587400000955,2.1875
0.587600000955,2.0625
0.587800000955,2.0625
0.588000000955,2.125
0.588200000955,2.125
0.588400000955,2.0625
0.588600000955,2.0625
0.588800000955,2.125
0.589000000955,2.125
0.589200000955,2.0625
0.589400000955,2.0625
0.589600000955,2.125
0.589800000955,2
0.590000000955,2
0.590200000955,2.0625
0.590400000955,2.0625
0.590600000955,2.0625
0.590800000955,2.125
0.591000000955,2.1875
0.591200000955,2
0.591400000955,2.125
0.591600000955,2.125
0.591800000955,2.0625
0.592000000955,2.0625
0.592200000955,2.0625
0.592400000955,2.0625
0.592600000955,2.0625
0.592800000955,2.0625
0.593000000955,2.125
0.593200000955,2
0.593400000955,2.0625
0.593600000955,2.0625
0.593800000955,2
0.594000000955,1.9375
0.594200000955,2.125
0.594400000955,2.0625
0.594600000955,2
0.594800000955,2.125
0.595000000955,2
0.595200000955,2.0625
0.595400000955,2
0.595600000955,2.125
0.595800000955,2
0.596000000955,2
0.596200000955,2.0625
0.596400000955,2.0625
0.596600000955,2.0625
0.596800000955,2.0625
0.597000000955,2.0625
0.597200000955,2.125
0.597400000955,2.0625
0.597600000955,2.0625
0.597800000955,2.0625
0.598000000955,2.125
0.598200000955,1.9375
0.598400000955,2.0625
0.598600000955,2.0625
0.598800000955,2.0625
0.599000000955,2
0.599200000955,2
0.599400000955,2.0625
0.599600000955,2.0625
0.599800000955,2.125
0.600000000955,1.9375
0.600200000955,2
0.600400000955,2
0.600600000955,2.0625
0.600800000955,2
0.601000000955,2
0.601200000955,2.0625
0.601400000955,2.125
0.601600000955,2
0.601800000955,2
0.602000000955,2.0625
0.602200000955,2.0625
0.602400000955,2
0.602600000955,2.0625
0.602800000955,2.0625
0.603000000955,2.125
0.603200000955,2
0.603400000955,2
0.603600000955,2
0.603800000955,1.9375
0.604000000955,2.0625
0.604200000955,1.9375
0.604400000955,1.9375
0.604600000955,2.0625
0.604800000955,2.0625
0.605000000955,1.9375
0.605200000955,2
0.605400000955,1.9375
0.605600000955,2.0625
0.605800000955,2
0.606000000955,2
0.606200000955,2
0.606400000955,2.0625
0.606600000955,2
0.606800000955,2.0625
0.607000000955,2
0.607200000955,2
0.607400000955,2.0625
0.607600000955,2
0.607800000955,2
0.608000000955,2
0.608200000955,2
0.608400000955,1.9375
0.608600000955,2.0625
0.608800000955,2
0.609000000955,2
0.609200000955,1.875
0.609400000955,2
0.609600000955,1.9375
0.609800000955,1.9375
0.610000000955,1.9375
0.610200000955,2.0625
0.610400000955,2
0.610600000955,2
0.610800000955,2
0.611000000955,2
0.611200000955,1.875
0.611400000955,1.9375
0.611600000955,1.9375
0.611800000955,2
0.612000000955,1.875
0.612200000955,2.0625
0.612400000955,2.0625
0.612600000955,2.0625
0.612800000955,1.9375
0.613000000955,2
0.613200000955,1.9375
0.613400000955,2
0.613600000955,1.9375
0.613800000955,2
0.614000000955,1.9375
0.614200000955,2
0.614400000955,1.9375
0.614600000955,1.9375
0.614800000955,1.9375
0.615000000955,2
0.615200000955,1.9375
0.615400000955,1.9375
0.615600000955,1.9375
0.615800000955,2
0.616000000955,1.9375
0.616200000955,2
0.616400000955,1.9375
0.616600000955,2
0.616800000955,1.875
0.617000000955,1.875
0.617200000955,2.0625
0.617400000955,2
0.617600000955,2.0625
0.617800000955,1.875
0.618000000955,1.9375
0.618200000955,2
0.618400000955,1.875
0.618600000955,1.9375
0.618800000955,1.9375
0.619000000955,2
0.619200000955,2
0.619400000955,1.875
0.619600000955,1.9375
0.619800000955,2
0.620000000955,2
0.620200000955,2
0.620400000955,1.875
0.620600000955,1.8125
0.620800000955,2
0.621000000955,1.875
0.621200000955,1.9375
0.621400000955,1.875
0.621600000955,1.9375
0.621800000955,1.875
0.622000000955,1.9375
0.622200000955,1.9375
0.622400000955,2.0625
0.622600000955,1.9375
0.622800000955,1.9375
0.623000000955,1.9375
0.623200000955,1.875
0.623400000955,1.9375
0.623600000955,1.875
0.623800000955,2
0.624000000955,1.9375
0.624200000955,1.875
0.624400000955,1.9375
0.624600000955,1.875
0.624800000955,2
0.625000000955,1.875
0.625200000955,1.9375
0.625400000955,1.9375
0.625600000955,1.9375
0.625800000955,1.9375
0.626000000955,1.9375
0.626200000955,1.875
0.626400000955,1.875
0.626600000955,1.875
0.626800000955,1.875
0.627000000955,1.9375
0.627200000955,1.9375
0.627400000955,1.9375
0.627600000955,1.875
0.627800000955,1.875
0.628000000955,1.9375
0.628200000955,1.9375
0.628400000955,1.9375
0.628600000955,1.9375
0.628800000955,2
0.629000000955,1.8125
0.629200000955,1.875
0.629400000955,1.9375
0.629600000955,2
0.629800000955,1.9375
0.630000000955,2
0.630200000955,1.9375
0.630400000955,1.875
0.630600000955,1.9375
0.630800000955,1.875
0.631000000955,1.8125
0.631200000955,1.9375
0.631400000955,1.875
0.631600000955,1.875
0.631800000955,1.9375
0.632000000955,1.8125
0.632200000955,1.875
0.632400000955,2
0.632600000955,2
0.632800000955,1.875
0.633000000955,1.875
0.633200000955,1.9375
0.633400000955,1.9375
0.633600000955,1.875
0.633800000955,1.9375
0.634000000955,1.8125
0.634200000955,1.875
0.634400000955,1.875
0.634600000955,1.875
0.634800000955,1.875
0.635000000955,1.875
0.635200000955,1.8125
0.635400000955,1.875
0.635600000955,1.8125
0.635800000955,1.875
0.636000000955,1.875
0.636200000955,1.875
0.636400000955,1.9375
0.636600000955,1.9375
0.636800000955,1.875
0.637000000955,1.8125
0.637200000955,1.8125
0.637400000955,1.9375
0.637600000955,1.9375
0.637800000955,1.875
0.638000000955,1.875
0.638200000955,1.75
0.638400000955,1.8125
0.638600000955,1.875
0.638800000955,1.875
0.639000000955,1.875
0.639200000955,1.75
0.639400000955,1.875
0.639600000955,2
0.639800000955,1.8125
0.640000000955,1.8125
0.640200000955,1.875
0.640400000955,1.875
0.640600000955,1.875
0.640800000955,1.8125
0.641000000955,1.75
0.641200000955,1.8125
0.641400000955,1.8125
0.641600000955,1.9375
0.641800000955,1.875
0.642000000955,1.875
0.642200000955,1.75
0.642400000955,1.75
0.642600000955,1.8125
0.642800000955,1.8125
0.643000000955,1.875
0.643200000955,1.8125
0.643400000955,1.875
0.643600000955,1.8125
0.643800000955,1.875
0.644000000955,1.875
0.644200000955,1.8125
0.644400000955,1.8125
0.644600000955,1.8125
0.644800000955,1.8125
0.645000000955,1.8125
0.645200000955,1.8125
0.645400000955,1.75
0.645600000955,1.875
0.645800000955,1.8125
0.646000000955,1.875
0.646200000955,1.875
0.646400000955,1.875
0.646600000955,1.9375
0.646800000955,1.9375
0.647000000955,1.875
0.647200000955,1.875
0.647400000955,1.75
0.647600000955,1.8125
0.647800000955,1.8125
0.648000000955,1.875
0.648200000955,1.75
0.648400000955,1.8125
0.648600000955,1.875
0.648800000955,1.875
0.649000000955,1.75
0.649200000955,1.8125
0.649400000955,1.75
0.649600000955,1.875
0.649800000955,1.8125
0.650000000955,1.9375
0.650200000955,1.8125
0.650400000955,1.75
0.650600000955,1.875
0.650800000955,1.9375
0.651000000955,1.875
0.651200000955,1.8125
0.651400000955,1.875
0.651600000955,1.75
0.651800000955,1.9375
0.652000000955,1.75
0.652200000955,1.8125
0.652400000955,1.875
0.652600000955,1.875
0.652800000955,1.8125
0.653000000955,1.8125
0.653200000955,1.875
0.653400000955,1.875
0.653600000955,1.75
0.653800000955,1.8125
0.654000000955,1.875
0.654200000955,1.875
0.654400000955,1.875
0.654600000955,1.75
0.654800000955,1.875
0.655000000955,1.75
0.655200000955,1.6875
0.655400000955,-0.0625
0.655600000955,-0.125
0.655800000955,0
0.656000000955,-0.125
0.656200000955,-0.0625
0.656400000955,-0.0625
0.656600000955,0
0.656800000955,-0.125
0.657000000955,-0.1875
0.657200000955,-0.0625
0.657400000955,0
0.657600000955,-0.0625
0.657800000955,-0.0625
0.658000000955,0
0.658200000955,0
0.658400000955,-0.0625
0.658600000955,0
0.658800000955,-0.0625
0.659000000955,0
0.659200000955,0
0.659400000955,-0.0625
0.659600000955,0
0.659800000955,-0.125
0.660000000955,0.0625
0.660200000955,-0.0625
0.660400000955,0
0.660600000955,0
0.660800000955,0.0625
0.661000000955,0
0.661200000955,-0.0625
0.661400000955,0
0.661600000955,-0.0625
0.661800000955,-0.125
0.662000000955,-0.0625
0.662200000955,-0.0625
0.662400000955,0
0.662600000955,-0.0625
0.662800000955,-0.0625
0.663000000955,-0.0625
0.663200000955,-0.0625
0.663400000955,0
0.663600000955,0
0.663800000955,0.0625
0.664000000955,-0.0625
0.664200000955,0
0.664400000955,0
0.664600000955,-0.125
0.664800000955,0
0.665000000955,-0.0625
0.665200000955,-0.125
0.665400000955,-0.0625
0.665600000955,-0.125
0.665800000955,-0.0625
0.666000000955,0
0.666200000955,-0.125
0.666400000955,0
0.666600000955,0.0625
0.666800000955,-0.0625
0.667000000955,0.0625
0.667200000955,0
0.667400000955,0
0.667600000955,-0.0625
0.667800000955,0
0.668000000955,0
0.668200000955,0
0.668400000955,-0.125
0.668600000955,-0.0625
0.668800000955,0
0.669000000955,0.0625
0.669200000955,0
0.669400000955,-0.0625
0.669600000955,-0.0625
0.669800000955,-0.0625
0.670000000955,-0.0625
0.670200000955,0
0.670400000955,-0.0625
0.670600000955,-0.0625
0.670800000955,-0.0625
0.671000000955,-0.0625
0.671200000955,0.0625
0.671400000955,-0.125
0.671600000955,0
0.671800000955,0
0.672000000955,0
0.672200000955,-0.125
0.672400000955,-0.125
0.672600000955,0.0625
0.672800000955,0
0.673000000955,-0.0625
0.673200000955,-0.0625
0.673400000955,0
0.673600000955,-0.1875
0.673800000955,0.0625
0.674000000955,0
0.674200000955,-0.0625
0.674400000955,-0.0625
0.674600000955,-0.0625
0.674800000955,0
0.675000000955,0
0.675200000955,0.0625
0.675400000955,-0.125
0.675600000955,-0.0625
0.675800000955,-0.0625
0.676000000955,-0.0625
0.676200000955,-0.0625
0.676400000955,-0.0625
0.676600000955,-0.0625
0.676800000955,0.0625
0.677000000955,-0.0625
0.677200000955,-0.0625
0.677400000955,0
0.677600000955,0
0.677800000955,-0.0625
0.678000000955,0
0.678200000955,-0.0625
0.678400000955,-0.0625
0.678600000955,-0.0625
0.678800000955,0
0.679000000955,0
0.679200000955,-0.0625
0.679400000955,0
0.679600000955,0
0.679800000955,0
0.680000000955,0
0.680200000955,-0.0625
0.680400000955,-0.125
0.680600000955,-0.0625
0.680800000955,-0.0625
0.681000000955,0
0.681200000955,0
0.681400000955,0
0.681600000955,0.0625
0.681800000955,-0.125
0.682000000955,0
0.682200000955,0
0.682400000955,-0.0625
0.682600000955,0
0.682800000955,0
0.683000000955,-0.0625
0.683200000955,-0.0625
0.683400000955,0
0.683600000955,0.0625
0.683800000955,-0.0625
0.684000000955,-0.0625
0.684200000955,-0.0625
0.684400000955,0
0.684600000955,0
0.684800000955,0.0625
0.685000000955,0
0.685200000955,-0.0625
0.685400000955,-0.125
0.685600000955,0
0.685800000955,-0.0625
0.686000000955,0
0.686200000955,-0.0625
0.686400000955,0
0.686600000955,0
0.686800000955,-0.125
0.687000000955,-0.0625
0.687200000955,0
0.687400000955,-0.0625
0.687600000955,0
0.687800000955,0
0.688000000955,0
0.688200000955,-0.0625
0.688400000955,-0.0625
0.688600000955,-0.125
0.688800000955,-0.0625
0.689000000955,-0.125
0.689200000955,0
0.689400000955,0.125
0.689600000955,-0.0625
0.689800000955,0
0.690000000955,0
0.690200000955,-0.0625
0.690400000955,-0.0625
0.690600000955,0
0.690800000955,-0.0625
0.691000000955,-0.0625
0.691200000955,0.0625
0.691400000955,-0.0625
0.691600000955,0.0625
0.691800000955,0
0.692000000955,-0.0625
0.692200000955,-0.125
0.692400000955,-0.0625
0.692600000955,-0.125
0.692800000955,0.0625
0.693000000955,0
0.693200000955,0.0625
0.693400000955,-0.0625
0.693600000955,-0.125
0.693800000955,0.0625
0.694000000955,-0.125
0.694200000955,0
0.694400000955,-0.125
0.694600000955,0
0.694800000955,-0.0625
0.695000000955,-0.0625
0.695200000955,-0.0625
0.695400000955,0.0625
0.695600000955,-0.0625
0.695800000955,0
0.696000000955,0
0.696200000955,0
0.696400000955,0.0625
0.696600000955,-0.0625
0.696800000955,-0.0625
0.697000000955,0
0.697200000955,-0.125
0.697400000955,-0.125
0.697600000955,0
0.697800000955,0
0.698000000955,-0.0625
0.698200000955,0
0.698400000955,0
0.698600000955,-0.0625
0.698800000955,-0.125
0.699000000955,0.0625
0.699200000955,-0.0625
0.699400000955,0
0.699600000955,-0.0625
0.699800000955,0.0625
0.700000000955,-0.0625
0.700200000955,0
0.700400000955,-0.0625
0.700600000955,0
0.700800000955,-0.0625
0.701000000955,0
0.701200000955,0
0.701400000955,0
0.701600000955,0
0.701800000955,0.0625
0.702000000955,-0.125
0.702200000955,0.0625
0.702400000955,0.125
0.702600000955,-0.0625
0.702800000955,-0.0625
0.703000000955,0
0.703200000955,-0.125
0.703400000955,0
0.703600000955,0
0.703800000955,0.0625
0.704000000955,0
0.704200000955,0
0.704400000955,-0.0625
0.704600000955,-0.125
0.704800000955,0.0625
0.705000000955,-0.0625
0.705200000955,0
0.705400000955,0
0.705600000955,0
0.705800000955,-0.0625
0.706000000955,-0.0625
0.706200000955,0.0625
0.706400000955,-0.0625
0.706600000955,0
0.706800000955,-0.0625
0.707000000955,-0.0625
0.707200000955,-0.0625
0.707400000955,-0.1875
0.707600000955,0
0.707800000955,-0.125
0.708000000955,-0.1875
0.708200000955,-0.1875
0.708400000955,-0.0625
0.708600000955,-0.125
0.708800000955,0
0.709000000955,-0.0625
0.709200000955,-0.0625
0.709400000955,-0.0625
0.709600000955,-0.0625
0.709800000955,-0.0625
0.710000000955,-0.125
0.710200000955,-0.0625
0.710400000955,-0.125
0.710600000955,-0.0625
0.710800000955,0
0.711000000955,-0.0625
0.711200000955,-0.0625
0.711400000955,0
0.711600000955,0
0.711800000955,0
0.712000000955,-0.0625
0.712200000955,0
0.712400000955,-0.0625
0.712600000955,-0.0625
0.712800000955,0.125
0.713000000955,-0.125
0.713200000955,-0.0625
0.713400000955,0.0625
0.713600000955,-0.0625
0.713800000955,-0.0625
0.714000000955,0
0.714200000955,-0.125
0.714400000955,-0.125
0.714600000955,-0.0625
0.714800000955,0.0625
0.715000000955,-0.0625
0.715200000955,-0.0625
0.715400000955,-0.0625
0.715600000955,-0.0625
0.715800000955,-0.0625
0.716000000955,-0.125
0.716200000955,0.0625
0.716400000955,0
0.716600000955,0
0.716800000955,-0.0625
0.717000000955,0
0.717200000955,0
0.717400000955,0
0.717600000955,0
0.717800000955,0.0625
0.718000000955,-0.0625
0.718200000955,-0.0625
0.718400000955,0
0.718600000955,-0.0625
0.718800000955,0
0.719000000955,-0.0625
0.719200000955,0
0.719400000955,-0.0625
0.719600000955,-0.125
0.719800000955,-0.125
0.720000000955,0
0.720200000955,0
0.720400000955,-0.0625
0.720600000955,0
0.720800000955,-0.0625
0.721000000955,-0.0625
0.721200000955,-0.0625
0.721400000955,-0.0625
0.721600000955,0
0.721800000955,-0.0625
0.722000000955,-0.0625
0.722200000955,0
0.722400000955,0
0.722600000955,-0.0625
0.722800000955,-0.0625
0.723000000955,-0.0625
0.723200000955,0
0.723400000955,-0.0625
0.723600000955,-0.0625
0.723800000955,0
0.724000000955,0
0.724200000955,-0.0625
0.724400000955,0
0.724600000955,0.0625
0.724800000955,-0.0625
0.725000000955,0
0.725200000955,-0.0625
0.725400000955,-0.125
0.725600000955,0
0.725800000955,0.0625
0.726000000955,0.0625
0.726200000955,-0.0625
0.726400000955,-0.0625
0.726600000955,-0.125
0.726800000955,0
0.727000000955,0
0.727200000955,0
0.727400000955,0
0.727600000955,-0.0625
0.727800000955,0
0.728000000955,0
0.728200000955,-0.0625
0.728400000955,-0.0625
0.728600000955,-0.0625
0.728800000955,0
0.729000000955,0
0.729200000955,-0.0625
0.729400000955,0
0.729600000955,0
0.729800000955,-0.0625
0.730000000955,-0.0625
0.730200000955,0
0.730400000955,-0.0625
0.730600000955,-0.0625
0.730800000955,-0.0625
0.731000000955,0
0.731200000955,-0.0625
0.731400000955,0
0.731600000955,-0.0625
0.731800000955,-0.0625
0.732000000955,-0.0625
0.732200000955,0.0625
0.732400000955,0
0.732600000955,0
0.732800000955,-0.0625
0.733000000955,0
0.733200000955,0.0625
0.733400000955,-0.125
0.733600000955,-0.125
0.733800000955,-0.0625
0.734000000955,0
0.734200000955,-0.0625
0.734400000955,-0.0625
0.734600000955,0.0625
0.734800000955,-0.125
0.735000000955,-0.0625
0.735200000955,-0.0625
0.735400000955,-0.125
0.735600000955,-0.0625
0.735800000955,0.0625
0.736000000955,0.0625
0.736200000955,0.125
0.736400000955,0
0.736600000955,0
0.736800000955,0
0.737000000955,-0.0625
0.737200000955,0
0.737400000955,-0.0625
0.737600000955,-0.125
0.737800000955,0.0625
0.738000000955,-0.0625
0.738200000955,-0.0625
0.738400000955,-0.125
0.738600000955,-0.125
0.738800000955,-0.0625
0.739000000955,-0.0625
0.739200000955,-0.0625
0.739400000955,-0.0625
0.739600000955,-0.0625
0.739800000955,-0.0625
0.740000000955,0.0625
0.740200000955,-0.0625
0.740400000955,-0.0625
0.740600000955,0
0.740800000955,-0.0625
0.741000000955,0
0.741200000955,-0.0625
0.741400000955,0
0.741600000955,-0.0625
0.741800000955,0.0625
0.742000000955,-0.125
0.742200000955,-0.0625
0.742400000955,0
0.742600000955,0
0.742800000955,-0.0625
0.743000000955,0
0.743200000955,0
0.743400000955,-0.0625
0.743600000955,0
0.743800000955,0
0.744000000955,0
0.744200000955,0
0.744400000955,0
0.744600000955,-0.0625
0.744800000955,-0.0625
0.745000000955,-0.0625
0.745200000955,-0.0625
0.745400000955,-0.0625
0.745600000955,-0.125
0.745800000955,0
0.746000000955,0
0.746200000955,0
0.746400000955,0.0625
0.746600000955,-0.125
0.746800000955,0.0625
0.747000000955,0
0.747200000955,-0.0625
0.747400000955,0
0.747600000955,-0.125
0.747800000955,0
0.748000000955,0
0.748200000955,0.0625
0.748400000955,-0.0625
0.748600000955,0
0.748800000955,-0.0625
0.749000000955,-0.0625
0.749200000955,-0.0625
0.749400000955,0
0.749600000955,2.1875
0.749800000955,2.25
0.750000000955,2.125
0.750200000955,2.1875
0.750400000955,2.125
0.750600000955,2.25
0.750800000955,2.1875
0.751000000955,2.125
0.751200000955,2.1875
0.751400000955,2.1875
0.751600000955,2.3125
0.751800000955,2.125
0.752000000955,2.125
0.752200000955,2.1875
0.752400000955,2.1875
0.752600000955,2.25
0.752800000955,2.1875
0.753000000955,2.1875
0.753200000955,2.0625
0.753400000955,2.25
0.753600000955,2.25
0.753800000955,2.25
0.754000000955,2.1875
0.754200000955,2.0625
0.754400000955,2.0625
0.754600000955,2.125
0.754800000955,2.1875
0.755000000955,2.1875
0.755200000955,2.1875
0.755400000955,2.1875
0.755600000955,2.1875
0.755800000955,2.1875
0.756000000955,2.3125
0.756200000955,2.1875
0.756400000955,2.1875
0.756600000955,2.125
0.756800000955,2.1875
0.757000000955,2.1875
0.757200000955,2.125
0.757400000955,2.1875
0.757600000955,2.1875
0.757800000955,2.125
0.758000000955,2.125
0.758200000955,2.1875
0.758400000955,2.25
0.758600000955,2.125
0.758800000955,2.1875
0.759000000955,2.1875
0.759200000955,2.125
0.759400000955,2.1875
0.759600000955,2.0625
0.759800000955,2.125
0.760000000955,2.0625
0.760200000955,2.1875
0.760400000955,2.125
0.760600000955,2.0625
0.760800000955,2.125
0.761000000955,2.1875
0.761200000955,2.25
0.761400000955,2.0625
0.761600000955,2.125
0.761800000955,2.0625
0.762000000955,2.25
0.762200000955,2.125
0.762400000955,2.125
0.762600000955,2.125
0.762800000955,2.125
0.763000000955,2.1875
0.763200000955,2.25
0.763400000955,2.125
0.763600000955,2.1875
0.763800000955,2.125
0.764000000955,2.25
0.764200000955,2.0625
0.764400000955,2.125
0.764600000955,2.0625
0.764800000955,2.1875
0.765000000955,2.1875
0.765200000955,2.125
0.765400000955,2.125
0.765600000955,2.125
0.765800000955,2.1875
0.766000000955,2.1875
0.766200000955,2.1875
0.766400000955,2.125
0.766600000955,2.0625
0.766800000955,2.0625
0.767000000955,2.1875
0.767200000955,2.1875
0.767400000955,2.25
0.767600000955,2.1875
0.767800000955,2.125
0.768000000955,2.0625
0.768200000955,2.0625
0.768400000955,2
0.768600000955,2.0625
0.768800000955,2.125
0.769000000955,2.0625
0.769200000955,2.125
0.769400000955,2.0625
0.769600000955,2.1875
0.769800000955,2
0.770000000955,2.125
0.770200000955,2.1875
0.770400000955,2.1875
0.770600000955,2.125
0.770800000955,2.1875
0.771000000955,2
0.771200000955,2.125
0.771400000955,2.0625
0.771600000955,2.0625
0.771800000955,2.125
0.772000000955,2.1875
0.772200000955,2.0625
0.772400000955,2.125
0.772600000955,2.0625
0.772800000955,2.0625
0.773000000955,2.125
0.773200000955,2.125
0.773400000955,2.0625
0.773600000955,2.0625
0.773800000955,2.0625
0.774000000955,2.0625
0.774200000955,2.0625
0.774400000955,2.1875
0.774600000955,2.0625
0.774800000955,2.1875
0.775000000955,2.125
0.775200000955,2.0625
0.775400000955,2.0625
0.775600000955,2.0625
0.775800000955,2.125
0.776000000955,2
0.776200000955,2.0625
0.776400000955,2.0625
0.776600000955,2
0.776800000955,2.0625
0.777000000955,2
0.777200000955,2
0.777400000955,2.0625
0.777600000955,2
0.777800000955,2
0.778000000955,2.0625
0.778200000955,2
0.778400000955,2
0.778600000955,2.0625
0.778800000955,2.0625
0.779000000955,2
0.779200000955,2
0.779400000955,2.0625
0.779600000955,2.0625
0.779800000955,2.0625
0.780000000955,2
0.780200000955,2.0625
0.780400000955,2
0.780600000955,2.0625
0.780800000955,2.125
0.781000000955,2.0625
0.781200000955,2.0625
0.781400000955,2.0625
0.781600000955,2
0.781800000955,2.125
0.782000000955,2
0.782200000955,2.0625
0.782400000955,2.0625
0.782600000955,2.0625
0.782800000955,2.0625
0.783000000955,2.0625
0.783200000955,1.9375
0.783400000955,2
0.783600000955,2
0.783800000955,2.0625
0.784000000955,2
0.784200000955,2.0625
0.784400000955,2.0625
0.784600000955,2
0.784800000955,2
0.785000000955,2
0.785200000955,2.0625
0.785400000955,2.125
0.785600000955,1.9375
0.785800000955,2.125
0.786000000955,1.875
0.786200000955,2.0625
0.786400000955,2.0625
0.786600000955,1.9375
0.786800000955,2
0.787000000955,2
0.787200000955,2
0.787400000955,2
0.787600000955,1.9375
0.787800000955,2
0.788000000955,2
0.788200000955,2.0625
0.788400000955,2.0625
0.788600000955,2
0.788800000955,1.875
0.789000000955,2
0.789200000955,2.0625
0.789400000955,2
0.789600000955,2
0.789800000955,2
0.790000000955,2.0625
0.790200000955,2
0.790400000955,2.0625
0.790600000955,2
0.790800000955,2
0.791000000955,1.9375
0.791200000955,2
0.791400000955,2
0.791600000955,2
0.791800000955,1.9375
0.792000000955,2
0.792200000955,2
0.792400000955,1.9375
0.792600000955,1.9375
0.792800000955,2.0625
0.793000000955,2
0.793200000955,2
0.793400000955,1.9375
0.793600000955,2
0.793800000955,2
0.794000000955,2
0.794200000955,1.9375
0.794400000955,2.0625
0.794600000955,2
0.794800000955,2.0625
0.795000000955,1.9375
0.795200000955,2
0.795400000955,1.9375
0.795600000955,2
0.795800000955,1.9375
0.796000000955,2
0.796200000955,2.0625
0.796400000955,1.9375
0.796600000955,2
0.796800000955,2
0.797000000955,1.9375
0.797200000955,2
0.797400000955,1.875
0.797600000955,1.9375
0.797800000955,2.0625
0.798000000955,1.9375
0.798200000955,1.875
0.798400000955,1.9375
0.798600000955,1.9375
0.798800000955,2
0.799000000955,2
0.799200000955,2
0.799400000955,1.875
0.799600000955,1.9375
0.799800000955,1.9375
0.800000000955,2
0.800200000955,2
0.800400000955,2
0.800600000955,1.9375
0.800800000955,2.0625
0.801000000955,2.0625
0.801200000955,1.9375
0.801400000955,2
0.801600000955,2
0.801800000955,1.875
0.802000000955,2
0.802200000955,1.9375
0.802400000955,1.875
0.802600000955,1.875
0.802800000955,1.9375
0.803000000955,1.9375
0.803200000955,1.9375
0.803400000955,2
0.803600000955,1.9375
0.803800000955,2
0.804000000955,1.9375
0.804200000955,2
0.804400000955,2
0.804600000955,1.875
0.804800000955,2
0.805000000955,1.875
0.805200000955,2
0.805400000955,1.9375
0.805600000955,1.8125
0.805800000955,2
0.806000000955,1.9375
0.806200000955,2
0.806400000955,1.875
0.806600000955,1.9375
0.806800000955,2
0.807000000955,1.8125
0.807200000955,1.9375
0.807400000955,1.9375
0.807600000955,1.875
0.807800000955,1.875
0.808000000955,1.875
0.808200000955,1.9375
0.808400000955,1.9375
0.808600000955,1.9375
0.808800000955,1.9375
0.809000000955,1.9375
0.809200000955,1.875
0.809400000955,1.8125
0.809600000955,1.875
0.809800000955,1.9375
0.810000000955,1.9375
0.810200000955,1.9375
0.810400000955,1.9375
0.810600000955,2
0.810800000955,1.9375
0.811000000955,2
0.811200000955,1.8125
0.811400000955,2
0.811600000955,2
0.811800000955,1.9375
0.812000000955,1.9375
0.812200000955,2
0.812400000955,1.875
0.812600000955,1.875
0.812800000955,1.9375
0.813000000955,2.0625
0.813200000955,1.9375
0.813400000955,1.9375
0.813600000955,1.875
0.813800000955,1.875
0.814000000955,1.875
0.814200000955,2
0.814400000955,1.875
0.814600000955,1.8125
0.814800000955,1.9375
0.815000000955,1.8125
0.815200000955,1.8125
0.815400000955,1.8125
0.815600000955,1.875
0.815800000955,1.9375
0.816000000955,1.875
0.816200000955,1.9375
0.816400000955,1.8125
0.816600000955,1.875
0.816800000955,1.875
0.817000000955,1.875
0.817200000955,1.9375
0.817400000955,1.8125
0.817600000955,1.9375
0.817800000955,1.9375
0.818000000955,1.75
0.818200000955,1.875
0.818400000955,1.8125
0.818600000955,1.875
0.818800000955,1.875
0.819000000955,1.875
0.819200000955,1.875
0.819400000955,1.875
0.819600000955,1.875
0.819800000955,1.875
0.820000000955,1.875
0.820200000955,1.8125
0.820400000955,1.875
0.820600000955,1.8125
0.820800000955,1.8125
0.821000000955,1.875
0.821200000955,1.875
0.821400000955,1.9375
0.821600000955,1.9375
0.821800000955,1.875
0.822000000955,1.875
0.822200000955,1.875
0.822400000955,1.875
0.822600000955,1.9375
0.822800000955,1.8125
0.823000000955,1.875
0.823200000955,1.875
0.823400000955,1.8125
0.823600000955,1.875
0.823800000955,1.875
0.824000000955,1.75
0.824200000955,1.8125
0.824400000955,1.75
0.824600000955,1.875
0.824800000955,1.9375
0.825000000955,1.875
0.825200000955,1.875
0.825400000955,1.875
0.825600000955,1.75
0.825800000955,1.875
0.826000000955,1.9375
0.826200000955,1.8125
0.826400000955,1.875
0.826600000955,1.875
0.826800000955,1.8125
0.827000000955,1.8125
0.827200000955,1.9375
0.827400000955,1.8125
0.827600000955,1.9375
0.827800000955,1.8125
0.828000000955,1.875
0.828200000955,1.8125
0.828400000955,1.8125
0.828600000955,1.8125
0.828800000955,1.875
0.829000000955,1.8125
0.829200000955,1.9375
0.829400000955,1.8125
0.829600000955,1.875
0.829800000955,1.75
0.830000000955,1.8125
0.830200000955,1.75
0.830400000955,1.8125
0.830600000955,1.875
0.830800000955,1.8125
0.831000000955,1.875
0.831200000955,1.6875
0.831400000955,1.75
0.831600000955,1.9375
0.831800000955,1.9375
0.832000000955,1.875
0.832200000955,1.6875
0.832400000955,1.8125
0.832600000955,1.75
0.832800000955,1.8125
0.833000000955,0.3125
0.833200000955,0
0.833400000955,0
0.833600000955,0.0625
0.833800000955,-0.0625
0.834000000955,0
0.834200000955,0
0.834400000955,0
0.834600000955,-0.125
0.834800000955,-0.0625
0.835000000955,-0.0625
0.835200000955,0
0.835400000955,-0.0625
0.835600000955,0
0.835800000955,-0.0625
0.836000000955,-0.0625
0.836200000955,0
0.836400000955,0
0.836600000955,0
0.836800000955,0.0625
0.837000000955,-0.0625
0.837200000955,-0.0625
0.837400000955,0
0.837600000955,0
0.837800000955,0
0.838000000955,0
0.838200000955,0
0.838400000955,0
0.838600000955,-0.0625
0.838800000955,0
0.839000000955,-0.0625
0.839200000955,0.0625
0.839400000955,-0.125
0.839600000955,-0.0625
0.839800000955,0
0.840000000955,-0.125
0.840200000955,-0.0625
0.840400000955,-0.125
0.840600000955,0
0.840800000955,-0.0625
0.841000000955,0
0.841200000955,-0.0625
0.841400000955,-0.125
0.841600000955,0.0625
0.841800000955,0
0.842000000955,0
0.842200000955,0
0.842400000955,0
0.842600000955,-0.0625
0.842800000955,0
0.843000000955,-0.0625
0.843200000955,-0.0625
0.843400000955,0
0.843600000955,0
0.843800000955,0.0625
0.844000000955,0
0.844200000955,0
0.844400000955,0
0.844600000955,0
0.844800000955,0.0625
0.845000000955,0
0.845200000955,0.0625
0.845400000955,0
0.845600000955,-0.125
0.845800000955,0.0625
0.846000000955,-0.0625
0.846200000955,0.0625
0.846400000955,0
0.846600000955,-0.0625
0.846800000955,-0.0625
0.847000000955,0.0625
0.847200000955,0
0.847400000955,0.0625
0.847600000955,-0.0625
0.847800000955,-0.0625
0.848000000955,0
0.848200000955,0
0.848400000955,-0.125
0.848600000955,-0.0625
0.848800000955,0
0.849000000955,-0.0625
0.849200000955,-0.0625
0.849400000955,-0.0625
0.849600000955,-0.0625
0.849800000955,0
0.850000000955,0
0.850200000955,-0.0625
0.850400000955,0
0.850600000955,-0.0625
0.850800000955,0
0.851000000955,0.0625
0.851200000955,0
0.851400000955,0
0.851600000955,0
0.851800000955,0
0.852000000955,0
0.852200000955,-0.0625
0.852400000955,0.0625
0.852600000955,0
0.852800000955,-0.1875
0.853000000955,-0.0625
0.853200000955,0.0625
0.853400000955,0
0.853600000955,-0.0625
0.853800000955,-0.0625
0.854000000955,-0.0625
0.854200000955,0
0.854400000955,-0.125
0.854600000955,0
0.854800000955,-0.0625
0.855000000955,-0.0625
0.855200000955,-0.0625
0.855400000955,0
0.855600000955,0
0.855800000955,0
0.856000000955,-0.0625
0.856200000955,-0.125
0.856400000955,0
0.856600000955,0
0.856800000955,0.0625
0.857000000955,-0.0625
0.857200000955,0
0.857400000955,-0.125
0.857600000955,0
0.857800000955,-0.0625
0.858000000955,-0.125
0.858200000955,-0.125
0.858400000955,-0.0625
0.858600000955,-0.0625
0.858800000955,-0.0625
0.859000000955,0
0.859200000955,0
0.859400000955,-0.0625
0.859600000955,0
0.859800000955,0.0625
0.860000000955,-0.125
0.860200000955,-0.0625
0.860400000955,-0.0625
0.860600000955,0
0.860800000955,-0.0625
0.861000000955,-0.0625
0.861200000955,-0.125
0.861400000955,0.125
0.861600000955,0.0625
0.861800000955,-0.125
0.862000000955,0
0.862200000955,-0.0625
0.862400000955,0
0.862600000955,-0.0625
0.862800000955,0
0.863000000955,-0.0625
0.863200000955,0
0.863400000955,0
0.863600000955,0
0.863800000955,0
0.864000000955,0
0.864200000955,0.0625
0.864400000955,0.0625
0.864600000955,0.0625
0.864800000955,-0.0625
0.865000000955,0
0.865200000955,-0.125
0.865400000955,0
0.865600000955,-0.0625
0.865800000955,0
0.866000000955,0
0.866200000955,0
0.866400000955,0
0.866600000955,0
0.866800000955,-0.0625
0.867000000955,-0.0625
0.867200000955,0
0.867400000955,-0.125
0.867600000955,0
0.867800000955,-0.0625
0.868000000955,0
0.868200000955,0.125
0.868400000955,0
0.868600000955,-0.0625
0.868800000955,-0.0625
0.869000000955,0.0625
0.869200000955,-0.0625
0.869400000955,-0.0625
0.869600000955,0
0.869800000955,0
0.870000000955,0
0.870200000955,0
0.870400000955,0
0.870600000955,-0.0625
0.870800000955,-0.0625
0.871000000955,-0.0625
0.871200000955,-0.0625
0.871400000955,0.0625
0.871600000955,0
0.871800000955,0
0.872000000955,0.0625
0.872200000955,0
0.872400000955,-0.125
0.872600000955,0.0625
0.872800000955,-0.0625
0.873000000955,-0.0625
0.873200000955,-0.0625
0.873400000955,0
0.873600000955,-0.125
0.873800000955,-0.0625
0.874000000955,-0.0625
0.874200000955,-0.0625
0.874400000955,-0.0625
0.874600000955,-0.0625
0.874800000955,-0.125
0.875000000955,0
0.875200000955,0.0625
0.875400000955,0.0625
0.875600000955,0
0.875800000955,0
0.876000000955,-0.0625
0.876200000955,0
0.876400000955,0.0625
0.876600000955,-0.0625
0.876800000955,0
0.877000000955,0
0.877200000955,-0.125
0.877400000955,-0.0625
0.877600000955,-0.0625
0.877800000955,-0.0625
0.878000000955,-0.0625
0.878200000955,0
0.878400000955,0
0.878600000955,-0.0625
0.878800000955,0
0.879000000955,0
0.879200000955,-0.0625
0.879400000955,-0.0625
0.879600000955,0
0.879800000955,0
0.880000000955,-0.0625
0.880200000955,-0.125
0.880400000955,0
0.880600000955,-0.125
0.880800000955,-0.0625
0.881000000955,-0.125
0.881200000955,0
0.881400000955,-0.125
0.881600000955,0.0625
0.881800000955,-0.0625
0.882000000955,0.0625
0.882200000955,-0.0625
0.882400000955,-0.0625
0.882600000955,0
0.882800000955,0
0.883000000955,-0.0625
0.883200000955,0
0.883400000955,0
0.883600000955,0.0625
0.883800000955,0
0.884000000955,-0.125
0.884200000955,-0.125
0.884400000955,-0.0625
0.884600000955,0.0625
0.884800000955,-0.0625
0.885000000955,0.0625
0.885200000955,0.0625
0.885400000955,-0.0625
0.885600000955,-0.0625
0.885800000955,-0.0625
0.886000000955,-0.0625
0.886200000955,-0.0625
0.886400000955,0
0.886600000955,0
0.886800000955,-0.0625
0.887000000955,-0.0625
0.887200000955,-0.0625
0.887400000955,-0.125
0.887600000955,0
0.887800000955,-0.0625
0.888000000955,-0.125
0.888200000955,0
0.888400000955,0
0.888600000955,-0.0625
0.888800000955,0
0.889000000955,-0.125
0.889200000955,-0.0625
0.889400000955,0
0.889600000955,0
0.889800000955,0
0.890000000955,0
0.890200000955,-0.0625
0.890400000955,-0.0625
0.890600000955,0.0625
0.890800000955,0
0.891000000955,0
0.891200000955,0
0.891400000955,-0.0625
0.891600000955,0
0.891800000955,-0.0625
0.892000000955,-0.0625
0.892200000955,-0.125
0.892400000955,-0.0625
0.892600000955,0
0.892800000955,-0.125
0.893000000955,0
0.893200000955,0.0625
0.893400000955,0
0.893600000955,-0.0625
0.893800000955,0
0.894000000955,0
0.894200000955,0
0.894400000955,0.0625
0.894600000955,0
0.894800000955,-0.0625
0.895000000955,0
0.895200000955,0
0.895400000955,0.0625
0.895600000955,0
0.895800000955,-0.0625
0.896000000955,-0.0625
0.896200000955,0
0.896400000955,-0.0625
0.896600000955,0
0.896800000955,0.0625
0.897000000955,-0.125
0.897200000955,0.0625
0.897400000955,0
0.897600000955,0
0.897800000955,0.0625
0.898000000955,-0.0625
0.898200000955,-0.0625
0.898400000955,0
0.898600000955,0
0.898800000955,0
0.899000000955,-0.0625
0.899200000955,-0.0625
0.899400000955,0
0.899600000955,-0.125
0.899800000955,-0.125
0.900000000955,0
0.900200000955,-0.125
0.900400000955,-0.0625
0.900600000955,-0.0625
0.900800000955,-0.0625
0.901000000955,-0.125
0.901200000955,0.0625
0.901400000955,0
0.901600000955,0
0.901800000955,-0.0625
0.902000000955,0.0625
0.902200000955,0
0.902400000955,-0.0625
0.902600000955,0.0625
0.902800000955,0
0.903000000955,-0.125
0.903200000955,0.0625
0.903400000955,0
0.903600000955,-0.0625
0.903800000955,0
0.904000000955,-0.0625
0.904200000955,-0.125
0.904400000955,-0.0625
0.904600000955,0.0625
0.904800000955,-0.125
0.905000000955,-0.0625
0.905200000955,-0.0625
0.905400000955,-0.125
0.905600000955,0.0625
0.905800000955,-0.125
0.906000000955,0
0.906200000955,0
0.906400000955,-0.0625
0.906600000955,-0.0625
0.906800000955,0
0.907000000955,0
0.907200000955,-0.0625
0.907400000955,-0.0625
0.907600000955,-0.0625
0.907800000955,0
0.908000000955,-0.0625
0.908200000955,-0.0625
0.908400000955,-0.125
0.908600000955,-0.0625
0.908800000955,-0.0625
0.909000000955,0
0.909200000955,0.0625
0.909400000955,-0.0625
0.909600000955,-0.0625
0.909800000955,0.0625
0.910000000955,0
0.910200000955,-0.0625
0.910400000955,0
0.910600000955,-0.0625
0.910800000955,-0.125
0.911000000955,-0.0625
0.911200000955,-0.0625
0.911400000955,0.0625
0.911600000955,0
0.911800000955,0
0.912000000955,-0.0625
0.912200000955,0
0.912400000955,-0.0625
0.912600000955,0.0625
0.912800000955,-0.0625
0.913000000955,0
0.913200000955,-0.0625
0.913400000955,0.0625
0.913600000955,0
0.913800000955,-0.0625
0.914000000955,0.0625
0.914200000955,-0.125
0.914400000955,-0.0625
0.914600000955,0
0.914800000955,-0.0625
0.915000000955,0.0625
0.915200000955,0
0.915400000955,0.0625
0.915600000955,-0.0625
0.915800000955,-0.0625
0.916000000955,0.0625
0.916200000955,0.0625
0.916400000955,0
0.916600000955,-0.0625
0.916800000955,0
0.917000000955,-0.0625
0.917200000955,-0.0625
0.917400000955,-0.1875
0.917600000955,-0.125
0.917800000955,0
0.918000000955,-0.0625
0.918200000955,0.0625
0.918400000955,-0.0625
0.918600000955,-0.125
0.918800000955,-0.0625
0.919000000955,0.0625
0.919200000955,-0.0625
0.919400000955,0
0.919600000955,0.0625
0.919800000955,-0.0625
0.920000000955,-0.0625
0.920200000955,-0.125
0.920400000955,-0.0625
0.920600000955,0
0.920800000955,0
0.921000000955,-0.0625
0.921200000955,0
0.921400000955,-0.0625
0.921600000955,-0.0625
0.921800000955,0
0.922000000955,-0.0625
0.922200000955,0
0.922400000955,0.0625
0.922600000955,0
0.922800000955,0
0.923000000955,-0.0625
0.923200000955,0
0.923400000955,-0.0625
0.923600000955,0
0.923800000955,-0.125
0.924000000955,-0.125
0.924200000955,-0.0625
0.924400000955,-0.0625
0.924600000955,-0.125
0.924800000955,-0.0625
0.925000000955,0
0.925200000955,0
0.925400000955,-0.0625
0.925600000955,-0.0625
0.925800000955,0
0.926000000955,0
0.926200000955,-0.125
0.926400000955,0
0.926600000955,-0.125
0.926800000955,0
0.927000000955,-0.0625
0.927200000955,-0.0625
0.927400000955,-0.0625
0.927600000955,0
0.927800000955,-0.0625
0.928000000955,0
0.928200000955,0
0.928400000955,-0.125
0.928600000955,0
0.928800000955,0
0.929000000955,-0.0625
0.929200000955,-0.0625
0.929400000955,-0.0625
0.929600000955,-0.0625
0.929800000955,0
0.930000000955,0.0625
0.930200000955,-0.0625
0.930400000955,0.0625
0.930600000955,0.0625
0.930800000955,0
0.931000000955,-0.0625
0.931200000955,-0.125
0.931400000955,0.0625
0.931600000955,0
0.931800000955,0.0625
0.932000000955,-0.0625
0.932200000955,-0.0625
0.932400000955,-0.125
0.932600000955,-0.0625
0.932800000955,-0.125
0.933000000955,0
0.933200000955,-0.125
0.933400000955,0
0.933600000955,0
0.933800000955,0.0625
0.934000000955,-0.0625
0.934200000955,-0.0625
0.934400000955,-0.0625
0.934600000955,-0.0625
0.934800000955,-0.0625
0.935000000955,0
0.935200000955,-0.0625
0.935400000955,0
0.935600000955,-0.125
0.935800000955,-0.0625
0.936000000955,-0.0625
0.936200000955,0
0.936400000955,-0.0625
0.936600000955,0.0625
0.936800000955,0.0625
0.937000000955,0
0.937200000955,0.0625
0.937400000955,-0.0625
0.937600000955,-0.0625
0.937800000955,-0.0625
0.938000000955,-0.0625
0.938200000955,-0.0625
0.938400000955,-0.0625
0.938600000955,2.1875
0.938800000955,2.1875
0.939000000955,2.1875
0.939200000955,2.1875
0.939400000955,2.25
0.939600000955,2.1875
0.939800000955,2.1875
0.940000000955,2.1875
0.940200000955,2.125
0.940400000955,2.25
0.940600000955,2.125
0.940800000955,2.125
0.941000000955,2.125
0.941200000955,2.1875
0.941400000955,2.1875
0.941600000955,2.1875
0.941800000955,2.1875
0.942000000955,2.1875
0.942200000955,2.0625
0.942400000955,2.125
0.942600000955,2.25
0.942800000955,2.25
0.943000000955,2.125
0.943200000955,2.125
0.943400000955,2.125
0.943600000955,2.1875
0.943800000955,2.25
0.944000000955,2.1875
0.944200000955,2.0625
0.944400000955,2.0625
0.944600000955,2.25
0.944800000955,2.1875
0.945000000955,2.125
0.945200000955,2.1875
0.945400000955,2.0625
0.945600000955,2.25
0.945800000955,2.125
0.946000000955,2.125
0.946200000955,2.1875
0.946400000955,2.1875
0.946600000955,2.125
0.946800000955,2.0625
0.947000000955,2.0625
0.947200000955,2.1875
0.947400000955,2.0625
0.947600000955,2.125
0.947800000955,2.25
0.948000000955,2.1875
0.948200000955,2.1875
0.948400000955,2.1875
0.948600000955,2.125
0.948800000955,2.1875
0.949000000955,2.0625
0.949200000955,2.1875
0.949400000955,2.1875
0.949600000955,2.1875
0.949800000955,2.1875
0.950000000955,2.25
0.950200000955,2.1875
0.950400000955,2.1875
0.950600000955,2.125
0.950800000955,2.125
0.951000000955,2.1875
0.951200000955,2.1875
0.951400000955,2.25
0.951600000955,2.1875
0.951800000955,2.125
0.952000000955,2.25
0.952200000955,2.125
0.952400000955,2.125
0.952600000955,2.125
0.952800000955,2.125
0.953000000955,2.1875
0.953200000955,2.125
0.953400000955,2.0625
0.953600000955,2.0625
0.953800000955,2.1875
0.954000000955,2.125
0.954200000955,2.0625
0.954400000955,2.0625
0.954600000955,2.1875
0.954800000955,2.0625
0.955000000955,2.0625
0.955200000955,2.1875
0.955400000955,2.0625
0.955600000955,2.0625
0.955800000955,2.0625
0.956000000955,2.1875
0.956200000955,2.125
0.956400000955,2.0625
0.956600000955,2.1875
0.956800000955,2.0625
0.957000000955,2.0625
0.957200000955,2.1875
0.957400000955,2.0625
0.957600000955,2.125
0.957800000955,2.0625
0.958000000955,2.0625
0.958200000955,2.125
0.958400000955,2.0625
0.958600000955,2
0.958800000955,2.125
0.959000000955,2.0625
0.959200000955,2.0625
0.959400000955,2
0.959600000955,2.0625
0.959800000955,2.125
0.960000000955,2.0625
0.960200000955,2
0.960400000955,2.125
0.960600000955,2.0625
0.960800000955,2.0625
0.961000000955,2.0625
0.961200000955,2.0625
0.961400000955,2.0625
0.961600000955,2.0625
0.961800000955,2.0625
0.962000000955,2
0.962200000955,2
0.962400000955,2.125
0.962600000955,2.125
0.962800000955,2.125
0.963000000955,2.0625
0.963200000955,2.0625
0.963400000955,2
0.963600000955,2.0625
0.963800000955,2.0625
0.964000000955,2
0.964200000955,2.0625
0.964400000955,2.0625
0.964600000955,2.0625
0.964800000955,2.0625
0.965000000955,2
0.965200000955,2
0.965400000955,2.0625
0.965600000955,2
0.965800000955,2.125
0.966000000955,2
0.966200000955,2.0625
0.966400000955,1.9375
0.966600000955,2.0625
0.966800000955,2.125
0.967000000955,2
0.967200000955,2.0625
0.967400000955,2.0625
0.967600000955,2
0.967800000955,2.0625
0.968000000955,2.0625
0.968200000955,2.125
0.968400000955,2
0.968600000955,2
0.968800000955,2
0.969000000955,2.0625
0.969200000955,2.0625
0.969400000955,2.125
0.969600000955,2.0625
0.969800000955,2
0.970000000955,2.125
0.970200000955,1.9375
0.970400000955,2.0625
0.970600000955,2
0.970800000955,1.9375
0.971000000955,2.0625
0.971200000955,2
0.971400000955,2.0625
0.971600000955,2
0.971800000955,2
0.972000000955,2
0.972200000955,2
0.972400000955,2
0.972600000955,2
0.972800000955,2.0625
0.973000000955,1.9375
0.973200000955,2
0.973400000955,1.9375
0.973600000955,2
0.973800000955,2
0.974000000955,1.9375
0.974200000955,1.9375
0.974400000955,2.0625
0.974600000955,2
0.974800000955,2
0.975000000955,2
0.975200000955,2.0625
0.975400000955,2.0625
0.975600000955,2
0.975800000955,2.0625
0.976000000955,1.9375
0.976200000955,1.9375
0.976400000955,1.9375
0.976600000955,2.125
0.976800000955,1.9375
0.977000000955,2
0.977200000955,2
0.977400000955,2
0.977600000955,2
0.977800000955,2
0.978000000955,2
0.978200000955,2
0.978400000955,2
0.978600000955,2
0.978800000955,2
0.979000000955,1.9375
0.979200000955,1.9375
0.979400000955,2.0625
0.979600000955,2
0.979800000955,2
0.980000000955,1.9375
0.980200000955,1.9375
0.980400000955,2
0.980600000955,2
0.980800000955,2
0.981000000955,2
0.981200000955,1.9375
0.981400000955,1.9375
0.981600000955,2
0.981800000955,2
0.982000000955,2
0.982200000955,1.9375
0.982400000955,2
0.982600000955,1.875
0.982800000955,1.9375
0.983000000955,1.9375
0.983200000955,2
0.983400000955,1.9375
0.983600000955,2.0625
0.983800000955,1.875
0.984000000955,1.9375
0.984200000955,2
0.984400000955,1.9375
0.984600000955,1.9375
0.984800000955,2
0.985000000955,2
0.985200000955,1.9375
0.985400000955,1.875
0.985600000955,1.9375
0.985800000955,1.875
0.986000000955,1.75
0.986200000955,1.9375
0.986400000955,1.9375
0.986600000955,2
0.986800000955,1.9375
0.987000000955,1.9375
0.987200000955,2
0.987400000955,1.9375
0.987600000955,2
0.987800000955,1.875
0.988000000955,2
0.988200000955,1.875
0.988400000955,2
0.988600000955,1.9375
0.988800000955,2
0.989000000955,2
0.989200000955,1.8125
0.989400000955,1.8125
0.989600000955,1.9375
0.989800000955,1.9375