x-axis,3
second,Volt
-0.249999952268,-0.0384998
-0.244999952267,-0.0384998
-0.239999952267,-0.0384998
-0.234999952268,0.0240002
-0.229999952267,0.0240002
-0.224999952268,-0.0384998
-0.219999952267,-0.0384998
-0.214999952267,-0.0384998
-0.209999952268,-0.0384998
-0.204999952267,-0.0384998
-0.199999952268,-0.0384998
-0.194999952268,0.0240002
-0.189999952267,-0.0384998
-0.184999952267,0.0240002
-0.179999952267,0.0240002
-0.174999952268,-0.0384998
-0.169999952268,-0.0384998
-0.164999952267,0.0240002
-0.159999952268,-0.0384998
-0.154999952268,0.0240002
-0.149999952268,-0.0384998
-0.144999952268,0.0240002
-0.139999952267,-0.0384998
-0.134999952268,-0.101
-0.129999952267,0.0865002
-0.124999952268,-0.0384998
-0.119999952268,0.0240002
-0.114999952268,-0.0384998
-0.109999952268,0.0240002
-0.104999952268,-0.0384998
-0.0999999522675,-0.0384998
-0.0949999522675,0.0240002
-0.0899999522675,0.0240002
-0.0849999522675,0.0240002
-0.0799999522675,-0.0384998
-0.0749999522675,-0.0384998
-0.0699999522675,0.0240002
-0.0649999522675,0.0240002
-0.0599999522675,-0.0384998
-0.0549999522675,-0.0384998
-0.0499999522675,-0.0384998
-0.0449999522675,-0.0384998
-0.0399999522675,0.0240002
-0.0349999522675,0.0865002
-0.0299999522675,0.0865002
-0.0249999522675,-0.0384998
-0.0199999522675,-0.0384998
-0.0149999522675,0.0240002
-0.0099999522675,0.0240002
-0.0049999522675,0.0240002
4.77324999804e-08,0.149
0.0050000477325,2.2115
0.0100000477325,2.274
0.0150000477325,2.2115
0.0200000477325,2.2115
0.0250000477325,2.2115
0.0300000477325,2.274
0.0350000477325,2.274
0.0400000477325,2.149
0.0450000477325,2.2115
0.0500000477325,2.2115
0.0550000477325,2.3365
0.0600000477325,2.274
0.0650000477325,2.274
0.0700000477325,2.2115
0.0750000477325,2.2115
0.0800000477325,2.149
0.0850000477325,2.149
0.0900000477325,2.2115
0.0950000477325,2.2115
0.100000047732,2.274
0.105000047732,2.2115
0.110000047732,2.149
0.115000047732,2.2115
0.120000047732,2.149
0.125000047732,2.2115
0.130000047732,2.2115
0.135000047732,2.2115
0.140000047732,2.274
0.145000047732,2.2115
0.150000047732,2.2115
0.155000047732,2.2115
0.160000047732,2.2115
0.165000047732,2.2115
0.170000047732,2.2115
0.175000047732,2.2115
0.180000047732,2.149
0.185000047732,2.274
0.190000047732,2.2115
0.195000047732,2.149
0.200000047732,2.149
0.205000047732,2.274
0.210000047732,2.274
0.215000047732,2.2115
0.220000047732,2.149
0.225000047732,2.2115
0.230000047732,2.2115
0.235000047732,2.149
0.240000047732,2.149
0.245000047732,2.2115
0.250000047732,2.2115
0.255000047732,2.149
0.260000047732,2.2115
0.265000047732,2.149
0.270000047732,2.2115
0.275000047732,2.149
0.280000047732,2.274
0.285000047732,2.149
0.290000047732,2.2115
0.295000047732,2.0865
0.300000047732,2.2115
0.305000047732,2.149
0.310000047732,2.2115
0.315000047732,2.274
0.320000047732,2.2115
0.325000047732,2.149
0.330000047732,2.149
0.335000047732,2.2115
0.340000047732,2.2115
0.345000047732,2.2115
0.350000047732,2.149
0.355000047732,2.149
0.360000047732,2.2115
0.365000047732,2.149
0.370000047732,2.2115
0.375000047732,2.2115
0.380000047732,2.2115
0.385000047732,2.149
0.390000047732,2.149
0.395000047732,2.2115
0.400000047732,2.2115
0.405000047732,2.149
0.410000047732,2.2115
0.415000047732,2.2115
0.420000047732,2.274
0.425000047732,2.0865
0.430000047732,2.2115
0.435000047732,2.149
0.440000047732,2.2115
0.445000047732,2.149
0.450000047732,2.149
0.455000047732,2.2115
0.460000047732,2.2115
0.465000047732,2.149
0.470000047732,2.274
0.475000047732,2.149
0.480000047732,2.274
0.485000047732,2.149
0.490000047732,2.149
0.495000047732,2.2115
0.500000047732,2.2115
0.505000047732,2.2115
0.510000047732,2.149
0.515000047732,2.2115
0.520000047733,2.2115
0.525000047732,2.149
0.530000047732,2.149
0.535000047732,2.274
0.540000047732,2.274
0.545000047732,2.149
0.550000047732,2.274
0.555000047732,2.149
0.560000047732,2.2115
0.565000047732,2.274
0.570000047732,2.149
0.575000047732,2.2115
0.580000047732,2.149
0.585000047732,2.149
0.590000047732,2.274
0.595000047732,2.2115
0.600000047732,2.149
0.605000047732,2.2115
0.610000047732,2.2115
0.615000047732,2.2115
0.620000047732,2.149
0.625000047732,2.2115
0.630000047732,2.0865
0.635000047732,2.0865
0.640000047732,2.0865
0.645000047733,2.274
0.650000047732,2.274
0.655000047732,2.149
0.660000047732,2.274
0.665000047732,2.149
0.670000047732,2.149
0.675000047732,2.274
0.680000047732,2.2115
0.685000047732,2.2115
0.690000047732,2.2115
0.695000047732,2.0865
0.700000047732,2.149
0.705000047732,2.0865
0.710000047732,2.274
0.715000047732,2.149
0.720000047732,2.149
0.725000047732,2.2115
0.730000047732,2.149
0.735000047732,2.149
0.740000047732,2.2115
0.745000047732,2.149
0.750000047732,2.3365
0.755000047732,2.149
0.760000047732,2.2115
0.765000047732,2.2115
0.770000047732,2.0865
0.775000047732,2.149
0.780000047732,2.2115
0.785000047732,2.2115
0.790000047732,2.274
0.795000047732,2.274
0.800000047732,2.2115
0.805000047732,2.2115
0.810000047732,2.149
0.815000047732,2.274
0.820000047732,2.2115
0.825000047732,2.0865
0.830000047732,2.149
0.835000047732,2.0865
0.840000047732,2.149
0.845000047732,2.149
0.850000047732,2.2115
0.855000047732,2.2115
0.860000047732,2.024
0.865000047732,2.2115
0.870000047732,2.2115
0.875000047732,2.0865
0.880000047732,2.149
0.885000047732,2.149
0.890000047732,2.2115
0.895000047732,2.2115
0.900000047732,2.274
0.905000047732,2.149
0.910000047732,2.0865
0.915000047732,2.2115
0.920000047732,2.274
0.925000047732,2.149
0.930000047732,2.2115
0.935000047732,2.149
0.940000047732,2.2115
0.945000047732,2.2115
0.950000047732,2.3365
0.955000047732,2.149
0.960000047732,2.2115
0.965000047732,2.149
0.970000047732,2.3365
0.975000047732,2.2115
0.980000047732,2.2115
0.985000047732,2.0865
0.990000047732,2.2115
0.995000047732,2.2115
1.00000004773,2.3365
1.00500004773,2.2115
1.01000004773,2.0865
1.01500004773,2.2115
1.02000004773,2.149
1.02500004773,2.2115
1.03000004773,2.0865
1.03500004773,2.149
1.04000004773,2.2115
1.04500004773,2.274
1.05000004773,2.149
1.05500004773,2.2115
1.06000004773,2.149
1.06500004773,2.149
1.07000004773,2.2115
1.07500004773,2.024
1.08000004773,2.0865
1.08500004773,2.149
1.09000004773,2.0865
1.09500004773,2.2115
1.10000004773,2.2115
1.10500004773,2.2115
1.11000004773,2.149
1.11500004773,2.149
1.12000004773,2.149
1.12500004773,2.274
1.13000004773,2.3365
1.13500004773,2.2115
1.14000004773,2.2115
1.14500004773,2.149
1.15000004773,2.274
1.15500004773,2.274
1.16000004773,2.2115
1.16500004773,2.2115
1.17000004773,2.149
1.17500004773,2.149
1.18000004773,2.2115
1.18500004773,2.2115
1.19000004773,2.274
1.19500004773,2.2115
1.20000004773,2.274
1.20500004773,2.2115
1.21000004773,2.274
1.21500004773,2.2115
1.22000004773,2.274
1.22500004773,2.274
1.23000004773,2.274
1.23500004773,2.2115
1.24000004773,2.274
1.24500004773,2.274
1.25000004773,2.149
1.25500004773,2.149
1.26000004773,2.149
1.26500004773,2.2115
1.27000004773,2.149
1.27500004773,2.274
1.28000004773,2.149
1.28500004773,2.274
1.29000004773,2.274
1.29500004773,2.274
1.30000004773,2.149
1.30500004773,2.2115
1.31000004773,2.0865
1.31500004773,2.149
1.32000004773,2.2115
1.32500004773,2.149
1.33000004773,2.2115
1.33500004773,2.274
1.34000004773,2.149
1.34500004773,2.0865
1.35000004773,2.149
1.35500004773,2.2115
1.36000004773,2.0865
1.36500004773,2.274
1.37000004773,2.149
1.37500004773,2.2115
1.38000004773,2.274
1.38500004773,2.2115
1.39000004773,2.149
1.39500004773,2.3365
1.40000004773,2.274
1.40500004773,2.0865
1.41000004773,2.2115
1.41500004773,2.149
1.42000004773,2.274
1.42500004773,2.2115
1.43000004773,2.0865
1.43500004773,2.149
1.44000004773,2.149
1.44500004773,2.149
1.45000004773,2.2115
1.45500004773,2.2115
1.46000004773,2.2115
1.46500004773,2.274
1.47000004773,2.2115
1.47500004773,2.274
1.48000004773,2.149
1.48500004773,2.2115
1.49000004773,2.2115
1.49500004773,2.2115
1.50000004773,2.149
1.50500004773,2.2115
1.51000004773,2.149
1.51500004773,2.149
1.52000004773,2.149
1.52500004773,2.2115
1.53000004773,2.2115
1.53500004773,2.2115
1.54000004773,2.274
1.54500004773,2.149
1.55000004773,2.149
1.55500004773,2.149
1.56000004773,2.274
1.56500004773,2.2115
1.57000004773,2.2115
1.57500004773,2.149
1.58000004773,2.2115
1.58500004773,2.274
1.59000004773,2.2115
1.59500004773,2.2115
1.60000004773,2.2115
1.60500004773,2.149
1.61000004773,2.2115
1.61500004773,2.2115
1.62000004773,2.2115
1.62500004773,2.149
1.63000004773,2.2115
1.63500004773,2.149
1.64000004773,2.2115
1.64500004773,2.2115
1.65000004773,2.2115
1.65500004773,2.274
1.66000004773,2.2115
1.66500004773,2.274
1.67000004773,2.274
1.67500004773,2.2115
1.68000004773,2.2115
1.68500004773,2.2115
1.69000004773,2.2115
1.69500004773,2.2115
1.70000004773,2.2115
1.70500004773,2.149
1.71000004773,2.274
1.71500004773,2.149
1.72000004773,2.0865
1.72500004773,2.274
1.73000004773,2.0865
1.73500004773,2.2115
1.74000004773,2.2115
1.74500004773,2.149
1.75000004773,2.149
1.75500004773,2.2115
1.76000004773,2.2115
1.76500004773,2.2115
1.77000004773,2.149
1.77500004773,2.2115
1.78000004773,2.149
1.78500004773,2.274
1.79000004773,2.274
1.79500004773,2.149
1.80000004773,2.149
1.80500004773,2.149
1.81000004773,2.0865
1.81500004773,2.2115
1.82000004773,2.2115
1.82500004773,2.0865
1.83000004773,2.149
1.83500004773,2.274
1.84000004773,2.2115
1.84500004773,2.2115
1.85000004773,2.2115
1.85500004773,2.2115
1.86000004773,2.149
1.86500004773,2.2115
1.87000004773,2.2115
1.87500004773,2.274
1.88000004773,2.2115
1.88500004773,2.149
1.89000004773,2.2115
1.89500004773,2.2115
1.90000004773,2.2115
1.90500004773,2.149
1.91000004773,2.149
1.91500004773,2.2115
1.92000004773,2.149
1.92500004773,2.274
1.93000004773,2.2115
1.93500004773,2.2115
1.94000004773,2.149
1.94500004773,2.2115
1.95000004773,2.2115
1.95500004773,2.149
1.96000004773,2.2115
1.96500004773,2.274
1.97000004773,2.0865
1.97500004773,2.2115
1.98000004773,2.274
1.98500004773,2.274
1.99000004773,2.149
1.99500004773,2.2115
2.00000004773,2.149
2.00500004773,2.2115
2.01000004773,2.2115
2.01500004773,2.2115
2.02000004773,2.274
2.02500004773,2.274
2.03000004773,2.149
2.03500004773,2.2115
2.04000004773,2.2115
2.04500004773,2.2115
2.05000004773,2.2115
2.05500004773,2.2115
2.06000004773,2.274
2.06500004773,2.2115
2.07000004773,2.274
2.07500004773,2.274
2.08000004773,2.149
2.08500004773,2.149
2.09000004773,2.2115
2.09500004773,2.149
2.10000004773,2.2115
2.10500004773,2.274
2.11000004773,2.2115
2.11500004773,2.274
2.12000004773,2.149
2.12500004773,2.2115
2.13000004773,2.274
2.13500004773,2.274
2.14000004773,2.149
2.14500004773,2.149
2.15000004773,2.274
2.15500004773,2.149
2.16000004773,2.274
2.16500004773,2.0865
2.17000004773,2.149
2.17500004773,2.2115
2.18000004773,2.2115
2.18500004773,2.3365
2.19000004773,2.3365
2.19500004773,2.0865
2.20000004773,2.2115
2.20500004773,2.2115
2.21000004773,2.149
2.21500004773,2.149
2.22000004773,2.274
2.22500004773,2.274
2.23000004773,2.2115
2.23500004773,2.2115
2.24000004773,2.149
2.24500004773,2.2115
2.25000004773,2.2115
2.25500004773,2.2115
2.26000004773,2.2115
2.26500004773,2.274
2.27000004773,2.149
2.27500004773,2.2115
2.28000004773,2.2115
2.28500004773,2.274
2.29000004773,2.2115
2.29500004773,2.274
2.30000004773,2.149
2.30500004773,2.2115
2.31000004773,2.2115
2.31500004773,2.2115
2.32000004773,2.149
2.32500004773,2.149
2.33000004773,2.274
2.33500004773,2.2115
2.34000004773,2.2115
2.34500004773,2.274
2.35000004773,2.3365
2.35500004773,2.2115
2.36000004773,2.149
2.36500004773,2.2115
2.37000004773,2.149
2.37500004773,2.2115
2.38000004773,2.2115
2.38500004773,2.149
2.39000004773,2.2115
2.39500004773,2.274
2.40000004773,2.2115
2.40500004773,2.2115
2.41000004773,2.149
2.41500004773,2.2115
2.42000004773,2.149
2.42500004773,2.3365
2.43000004773,2.2115
2.43500004773,2.2115
2.44000004773,2.2115
2.44500004773,2.274
2.45000004773,2.149
2.45500004773,2.149
2.46000004773,2.274
2.46500004773,2.149
2.47000004773,2.274
2.47500004773,2.149
2.48000004773,2.2115
2.48500004773,2.149
2.49000004773,2.149
2.49500004773,2.2115
2.50000004773,2.2115
2.50500004773,2.2115
2.51000004773,2.2115
2.51500004773,2.149
2.52000004773,2.2115
2.52500004773,2.274
2.53000004773,2.274
2.53500004773,2.2115
2.54000004773,2.2115
2.54500004773,2.2115
2.55000004773,2.3365
2.55500004773,2.3365
2.56000004773,2.274
2.56500004773,2.2115
2.57000004773,2.274
2.57500004773,2.2115
2.58000004773,2.2115
2.58500004773,2.2115
2.59000004773,2.149
2.59500004773,2.274
2.60000004773,2.2115
2.60500004773,2.2115
2.61000004773,2.274
2.61500004773,2.2115
2.62000004773,2.274
2.62500004773,2.3365
2.63000004773,2.2115
2.63500004773,2.0865
2.64000004773,2.149
2.64500004773,2.149
2.65000004773,2.0865
2.65500004773,2.2115
2.66000004773,2.2115
2.66500004773,2.274
2.67000004773,2.2115
2.67500004773,2.2115
2.68000004773,2.149
2.68500004773,2.149
2.69000004773,2.2115
2.69500004773,2.149
2.70000004773,2.149
2.70500004773,2.2115
2.71000004773,2.274
2.71500004773,2.2115
2.72000004773,2.274
2.72500004773,2.2115
2.73000004773,2.274
2.73500004773,2.274
2.74000004773,2.149
2.74500004773,2.2115
2.75000004773,2.149
2.75500004773,2.149
2.76000004773,2.0865
2.76500004773,2.274
2.77000004773,2.274
2.77500004773,2.274
2.78000004773,2.149
2.78500004773,2.274
2.79000004773,2.149
2.79500004773,2.149
2.80000004773,2.149
2.80500004773,2.2115
2.81000004773,2.2115
2.81500004773,2.2115
2.82000004773,2.2115
2.82500004773,2.2115
2.83000004773,2.274
2.83500004773,2.274
2.84000004773,2.2115
2.84500004773,2.149
2.85000004773,2.2115
2.85500004773,2.2115
2.86000004773,2.2115
2.86500004773,2.149
2.87000004773,2.2115
2.87500004773,2.2115
2.88000004773,2.274
2.88500004773,2.2115
2.89000004773,2.2115
2.89500004773,2.3365
2.90000004773,2.2115
2.90500004773,2.2115
2.91000004773,2.2115
2.91500004773,2.149
2.92000004773,2.149
2.92500004773,2.149
2.93000004773,2.2115
2.93500004773,2.2115
2.94000004773,2.2115
2.94500004773,2.2115
2.95000004773,2.149
2.95500004773,2.0865
2.96000004773,2.2115
2.96500004773,2.2115
2.97000004773,2.274
2.97500004773,2.2115
2.98000004773,2.2115
2.98500004773,2.149
2.99000004773,2.2115
2.99500004773,2.2115
3.00000004773,2.274
3.00500004773,2.0865
3.01000004773,2.2115
3.01500004773,2.2115
3.02000004773,2.149
3.02500004773,2.274
3.03000004773,2.2115
3.03500004773,2.2115
3.04000004773,2.2115
3.04500004773,2.0865
3.05000004773,2.149
3.05500004773,2.274
3.06000004773,2.149
3.06500004773,2.0865
3.07000004773,2.2115
3.07500004773,2.149
3.08000004773,2.2115
3.08500004773,2.149
3.09000004773,2.274
3.09500004773,2.274
3.10000004773,2.2115
3.10500004773,2.149
3.11000004773,2.0865
3.11500004773,2.2115
3.12000004773,2.2115
3.12500004773,2.149
3.13000004773,2.2115
3.13500004773,2.2115
3.14000004773,2.2115
3.14500004773,2.149
3.15000004773,2.149
3.15500004773,2.274
3.16000004773,2.2115
3.16500004773,2.2115
3.17000004773,2.149
3.17500004773,2.2115
3.18000004773,2.149
3.18500004773,2.149
3.19000004773,2.2115
3.19500004773,2.149
3.20000004773,2.274
3.20500004773,2.149
3.21000004773,2.2115
3.21500004773,2.2115
3.22000004773,2.2115
3.22500004773,2.149
3.23000004773,2.149
3.23500004773,2.149
3.24000004773,2.149
3.24500004773,2.149
3.25000004773,2.149
3.25500004773,2.149
3.26000004773,2.2115
3.26500004773,2.149
3.27000004773,2.2115
3.27500004773,2.149
3.28000004773,2.2115
3.28500004773,2.274
3.29000004773,2.2115
3.29500004773,2.2115
3.30000004773,2.2115
3.30500004773,2.0865
3.31000004773,2.2115
3.31500004773,2.2115
3.32000004773,2.274
3.32500004773,2.0865
3.33000004773,2.274
3.33500004773,2.149
3.34000004773,2.2115
3.34500004773,2.2115
3.35000004773,2.2115
3.35500004773,2.2115
3.36000004773,2.149
3.36500004773,2.2115
3.37000004773,2.149
3.37500004773,2.274
3.38000004773,2.149
3.38500004773,2.3365
3.39000004773,2.149
3.39500004773,2.2115
3.40000004773,2.2115
3.40500004773,2.274
3.41000004773,2.274
3.41500004773,2.274
3.42000004773,2.274
3.42500004773,2.2115
3.43000004773,2.2115
3.43500004773,2.274
3.44000004773,2.274
3.44500004773,2.0865
3.45000004773,2.2115
3.45500004773,2.149
3.46000004773,2.2115
3.46500004773,2.149
3.47000004773,2.274
3.47500004773,2.2115
3.48000004773,2.2115
3.48500004773,2.2115
3.49000004773,2.2115
3.49500004773,2.274
3.50000004773,2.3365
3.50500004773,2.2115
3.51000004773,2.274
3.51500004773,2.149
3.52000004773,2.0865
3.52500004773,2.149
3.53000004773,2.0865
3.53500004773,2.149
3.54000004773,2.149
3.54500004773,2.2115
3.55000004773,2.2115
3.55500004773,2.149
3.56000004773,2.274
3.56500004773,2.2115
3.57000004773,2.149
3.57500004773,2.0865
3.58000004773,2.2115
3.58500004773,2.274
3.59000004773,2.2115
3.59500004773,2.2115
3.60000004773,2.2115
3.60500004773,2.2115
3.61000004773,2.149
3.61500004773,2.2115
3.62000004773,2.2115
3.62500004773,2.2115
3.63000004773,2.149
3.63500004773,2.149
3.64000004773,2.2115
3.64500004773,2.274
3.65000004773,2.0865
3.65500004773,2.149
3.66000004773,2.2115
3.66500004773,2.274
3.67000004773,2.274
3.67500004773,2.274
3.68000004773,2.0865
3.68500004773,2.149
3.69000004773,2.274
3.69500004773,2.274
3.70000004773,2.2115
3.70500004773,2.2115
3.71000004773,2.149
3.71500004773,2.149
3.72000004773,2.0865
3.72500004773,2.149
3.73000004773,2.274
3.73500004773,2.149
3.74000004773,2.2115
3.74500004773,2.274
3.75000004773,2.274
3.75500004773,2.2115
3.76000004773,2.2115
3.76500004773,2.149
3.77000004773,2.274
3.77500004773,2.2115
3.78000004773,2.149
3.78500004773,2.274
3.79000004773,2.2115
3.79500004773,2.149
3.80000004773,2.149
3.80500004773,2.2115
3.81000004773,2.2115
3.81500004773,2.2115
3.82000004773,2.2115
3.82500004773,2.2115
3.83000004773,2.149
3.83500004773,2.274
3.84000004773,2.149
3.84500004773,2.274
3.85000004773,2.2115
3.85500004773,2.2115
3.86000004773,2.149
3.86500004773,2.2115
3.87000004773,2.149
3.87500004773,2.0865
3.88000004773,2.2115
3.88500004773,2.2115
3.89000004773,2.149
3.89500004773,2.2115
3.90000004773,2.149
3.90500004773,2.149
3.91000004773,2.149
3.91500004773,2.2115
3.92000004773,2.149
3.92500004773,2.274
3.93000004773,2.274
3.93500004773,2.149
3.94000004773,2.274
3.94500004773,2.149
3.95000004773,2.2115
3.95500004773,2.0865
3.96000004773,2.274
3.96500004773,2.2115
3.97000004773,2.0865
3.97500004773,2.274
3.98000004773,2.149
3.98500004773,2.274
3.99000004773,2.024
3.99500004773,2.2115
4.00000004773,2.2115
4.00500004773,2.149
4.01000004773,2.2115
4.01500004773,2.2115
4.02000004773,2.149
4.02500004773,2.149
4.03000004773,2.274
4.03500004773,2.274
4.04000004773,2.274
4.04500004773,2.149
4.05000004773,2.2115
4.05500004773,2.2115
4.06000004773,2.274
4.06500004773,2.2115
4.07000004773,2.149
4.07500004773,2.2115
4.08000004773,2.2115
4.08500004773,2.3365
4.09000004773,2.149
4.09500004773,2.2115
4.10000004773,2.0865
4.10500004773,2.2115
4.11000004773,2.2115
4.11500004773,2.2115
4.12000004773,2.2115
4.12500004773,2.149
4.13000004773,2.274
4.13500004773,2.2115
4.14000004773,2.149
4.14500004773,2.149
4.15000004773,2.149
4.15500004773,2.274
4.16000004773,2.2115
4.16500004773,2.2115
4.17000004773,2.274
4.17500004773,2.2115
4.18000004773,2.149
4.18500004773,2.2115
4.19000004773,2.2115
4.19500004773,2.3365
4.20000004773,2.149
4.20500004773,2.2115
4.21000004773,2.149
4.21500004773,2.149
4.22000004773,2.149
4.22500004773,2.274
4.23000004773,2.149
4.23500004773,2.149
4.24000004773,2.274
4.24500004773,2.2115
4.25000004773,2.2115
4.25500004773,2.2115
4.26000004773,2.274
4.26500004773,2.2115
4.27000004773,2.149
4.27500004773,2.2115
4.28000004773,2.149
4.28500004773,2.149
4.29000004773,2.149
4.29500004773,2.274
4.30000004773,2.274
4.30500004773,2.149
4.31000004773,2.274
4.31500004773,2.274
4.32000004773,2.2115
4.32500004773,2.2115
4.33000004773,2.2115
4.33500004773,2.2115
4.34000004773,2.2115
4.34500004773,2.2115
4.35000004773,2.274
4.35500004773,2.2115
4.36000004773,2.2115
4.36500004773,2.2115
4.37000004773,2.149
4.37500004773,2.2115
4.38000004773,2.149
4.38500004773,2.2115
4.39000004773,2.149
4.39500004773,2.274
4.40000004773,2.0865
4.40500004773,2.2115
4.41000004773,2.2115
4.41500004773,2.2115
4.42000004773,2.2115
4.42500004773,2.149
4.43000004773,2.149
4.43500004773,2.2115
4.44000004773,2.274
4.44500004773,2.274
4.45000004773,2.2115
4.45500004773,2.2115
4.46000004773,2.2115
4.46500004773,2.274
4.47000004773,2.149
4.47500004773,2.149
4.48000004773,2.2115
4.48500004773,2.149
4.49000004773,2.2115
4.49500004773,2.0865
4.50000004773,2.2115
4.50500004773,2.149
4.51000004773,2.149
4.51500004773,2.2115
4.52000004773,2.2115
4.52500004773,2.2115
4.53000004773,2.2115
4.53500004773,2.149
4.54000004773,2.2115
4.54500004773,2.274
4.55000004773,2.2115
4.55500004773,2.274
4.56000004773,2.274
4.56500004773,2.274
4.57000004773,2.2115
4.57500004773,2.2115
4.58000004773,2.2115
4.58500004773,2.2115
4.59000004773,2.274
4.59500004773,2.2115
4.60000004773,2.0865
4.60500004773,2.149
4.61000004773,2.149
4.61500004773,2.2115
4.62000004773,2.2115
4.62500004773,2.2115
4.63000004773,2.149
4.63500004773,2.0865
4.64000004773,2.274
4.64500004773,2.2115
4.65000004773,2.274
4.65500004773,2.274
4.66000004773,2.2115
4.66500004773,2.2115
4.67000004773,2.2115
4.67500004773,2.149
4.68000004773,2.3365
4.68500004773,2.274
4.69000004773,2.149
4.69500004773,2.274
4.70000004773,2.274
4.70500004773,2.2115
4.71000004773,2.149
4.71500004773,2.0865
4.72000004773,2.274
4.72500004773,2.274
4.73000004773,2.2115
4.73500004773,2.149
4.74000004773,2.274
4.74500004773,2.2115
4.75000004773,2.149
4.75500004773,2.274
4.76000004773,2.149
4.76500004773,2.2115
4.77000004773,2.2115
4.77500004773,2.2115
4.78000004773,2.2115
4.78500004773,2.149
4.79000004773,2.2115
4.79500004773,2.274
4.80000004773,2.2115
4.80500004773,2.149
4.81000004773,2.149
4.81500004773,2.2115
4.82000004773,2.149
4.82500004773,2.149
4.83000004773,2.2115
4.83500004773,2.2115
4.84000004773,2.149
4.84500004773,2.2115
4.85000004773,2.0865
4.85500004773,2.0865
4.86000004773,2.2115
4.86500004773,2.2115
4.87000004773,2.149
4.87500004773,2.2115
4.88000004773,2.2115
4.88500004773,2.274
4.89000004773,2.2115
4.89500004773,2.2115
4.90000004773,2.149
4.90500004773,2.0865
4.91000004773,2.149
4.91500004773,2.274
4.92000004773,2.149
4.92500004773,2.149
4.93000004773,2.149
4.93500004773,2.149
4.94000004773,2.2115
4.94500004773,2.2115
4.95000004773,2.274
4.95500004773,2.2115
4.96000004773,2.274
4.96500004773,2.149
4.97000004773,2.2115
4.97500004773,2.2115
4.98000004773,2.2115
4.98500004773,2.2115
4.99000004773,2.149
4.99500004773,2.149
5.00000004773,2.149
5.00500004773,2.149
5.01000004773,2.2115
5.01500004773,2.2115
5.02000004773,2.2115
5.02500004773,2.149
5.03000004773,2.149
5.03500004773,2.2115
5.04000004773,2.149
5.04500004773,2.274
5.05000004773,2.274
5.05500004773,2.274
5.06000004773,2.2115
5.06500004773,2.2115
5.07000004773,2.149
5.07500004773,2.2115
5.08000004773,2.2115
5.08500004773,2.274
5.09000004773,2.149
5.09500004773,2.149
5.10000004773,2.2115
5.10500004773,2.149
5.11000004773,2.274
5.11500004773,2.024
5.12000004773,2.2115
5.12500004773,2.149
5.13000004773,2.149
5.13500004773,2.149
5.14000004773,2.2115
5.14500004773,2.149
5.15000004773,2.2115
5.15500004773,2.274
5.16000004773,2.274
5.16500004773,2.274
5.17000004773,2.2115
5.17500004773,2.2115
5.18000004773,2.2115
5.18500004773,2.149
5.19000004773,2.2115
5.19500004773,2.2115
5.20000004773,2.2115
5.20500004773,2.2115
5.21000004773,2.274
5.21500004773,2.2115
5.22000004773,2.2115
5.22500004773,2.149
5.23000004773,2.274
5.23500004773,2.149
5.24000004773,2.274
5.24500004773,2.0865
5.25000004773,2.274
5.25500004773,2.149
5.26000004773,2.0865
5.26500004773,2.3365
5.27000004773,2.149
5.27500004773,2.274
5.28000004773,2.149
5.28500004773,2.274
5.29000004773,2.149
5.29500004773,2.2115
5.30000004773,2.274
5.30500004773,2.274
5.31000004773,2.149
5.31500004773,2.0865
5.32000004773,2.149
5.32500004773,2.2115
5.33000004773,2.149
5.33500004773,2.3365
5.34000004773,2.2115
5.34500004773,2.2115
5.35000004773,2.2115
5.35500004773,2.2115
5.36000004773,2.2115
5.36500004773,2.2115
5.37000004773,2.2115
5.37500004773,2.149
5.38000004773,2.2115
5.38500004773,2.0865
5.39000004773,2.3365
5.39500004773,2.274
5.40000004773,2.149
5.40500004773,2.2115
5.41000004773,2.2115
5.41500004773,2.149
5.42000004773,2.2115
5.42500004773,2.149
5.43000004773,2.2115
5.43500004773,2.2115
5.44000004773,2.2115
5.44500004773,2.149
5.45000004773,2.2115
5.45500004773,2.0865
5.46000004773,2.149
5.46500004773,2.3365
5.47000004773,2.149
5.47500004773,2.2115
5.48000004773,2.274
5.48500004773,2.2115
5.49000004773,2.0865
5.49500004773,2.274
5.50000004773,2.2115
5.50500004773,2.274
5.51000004773,2.149
5.51500004773,2.2115
5.52000004773,2.2115
5.52500004773,2.2115
5.53000004773,2.2115
5.53500004773,2.2115
5.54000004773,2.274
5.54500004773,2.149
5.55000004773,2.149
5.55500004773,2.2115
5.56000004773,2.149
5.56500004773,2.274
5.57000004773,2.149
5.57500004773,2.149
5.58000004773,2.149
5.58500004773,2.2115
5.59000004773,2.274
5.59500004773,2.149
5.60000004773,2.2115
5.60500004773,2.2115
5.61000004773,2.2115
5.61500004773,2.149
5.62000004773,2.2115
5.62500004773,2.149
5.63000004773,2.2115
5.63500004773,2.274
5.64000004773,2.2115
5.64500004773,2.274
5.65000004773,2.2115
5.65500004773,2.149
5.66000004773,2.274
5.66500004773,2.2115
5.67000004773,2.2115
5.67500004773,2.2115
5.68000004773,2.2115
5.68500004773,2.0865
5.69000004773,2.149
5.69500004773,2.2115
5.70000004773,2.149
5.70500004773,2.274
5.71000004773,2.2115
5.71500004773,2.3365
5.72000004773,2.274
5.72500004773,2.2115
5.73000004773,2.149
5.73500004773,2.2115
5.74000004773,2.2115
5.74500004773,2.149
5.75000004773,2.0865
5.75500004773,2.2115
5.76000004773,2.2115
5.76500004773,2.149
5.77000004773,2.2115
5.77500004773,2.149
5.78000004773,2.274
5.78500004773,2.2115
5.79000004773,2.2115
5.79500004773,2.149
5.80000004773,2.274
5.80500004773,2.2115
5.81000004773,2.2115
5.81500004773,2.149
5.82000004773,2.149
5.82500004773,2.149
5.83000004773,2.2115
5.83500004773,2.149
5.84000004773,2.2115
5.84500004773,2.149
5.85000004773,2.274
5.85500004773,2.274
5.86000004773,2.2115
5.86500004773,2.274
5.87000004773,2.149
5.87500004773,2.274
5.88000004773,2.274
5.88500004773,2.2115
5.89000004773,2.0865
5.89500004773,2.2115
5.90000004773,2.0865
5.90500004773,2.2115
5.91000004773,2.149
5.91500004773,2.2115
5.92000004773,2.3365
5.92500004773,2.0865
5.93000004773,2.149
5.93500004773,2.2115
5.94000004773,2.2115
5.94500004773,2.274
5.95000004773,2.2115
5.95500004773,2.149
5.96000004773,2.2115
5.96500004773,2.2115
5.97000004773,2.2115
5.97500004773,2.2115
5.98000004773,2.2115
5.98500004773,2.149
5.99000004773,2.2115
5.99500004773,2.274
6.00000004773,2.2115
6.00500004773,2.2115
6.01000004773,2.2115
6.01500004773,2.149
6.02000004773,2.2115
6.02500004773,2.149
6.03000004773,2.274
6.03500004773,2.149
6.04000004773,2.274
6.04500004773,2.2115
6.05000004773,2.149
6.05500004773,2.274
6.06000004773,2.149
6.06500004773,2.0865
6.07000004773,2.2115
6.07500004773,2.2115
6.08000004773,2.274
6.08500004773,2.0865
6.09000004773,2.2115
6.09500004773,2.274
6.10000004773,2.0865
6.10500004773,2.2115
6.11000004773,2.2115
6.11500004773,2.2115
6.12000004773,2.274
6.12500004773,2.2115
6.13000004773,2.0865
6.13500004773,2.149
6.14000004773,2.2115
6.14500004773,2.2115
6.15000004773,2.149
6.15500004773,2.2115
6.16000004773,2.0865
6.16500004773,2.2115
6.17000004773,2.274
6.17500004773,2.149
6.18000004773,2.2115
6.18500004773,2.2115
6.19000004773,2.2115
6.19500004773,2.2115
6.20000004773,2.149
6.20500004773,2.149
6.21000004773,2.149
6.21500004773,2.149
6.22000004773,2.149
6.22500004773,2.149
6.23000004773,2.3365
6.23500004773,2.274
6.24000004773,2.2115
6.24500004773,2.2115
6.25000004773,2.274
6.25500004773,2.0865
6.26000004773,2.274
6.26500004773,2.2115
6.27000004773,2.2115
6.27500004773,2.2115
6.28000004773,2.149
6.28500004773,2.274
6.29000004773,2.149
6.29500004773,2.2115
6.30000004773,2.0865
6.30500004773,2.2115
6.31000004773,2.274
6.31500004773,2.2115
6.32000004773,2.149
6.32500004773,2.149
6.33000004773,2.2115
6.33500004773,2.2115
6.34000004773,2.274
6.34500004773,2.149
6.35000004773,2.149
6.35500004773,2.149
6.36000004773,2.2115
6.36500004773,2.149
6.37000004773,2.149
6.37500004773,2.2115
6.38000004773,2.2115
6.38500004773,2.149
6.39000004773,2.2115
6.39500004773,2.149
6.40000004773,2.274
6.40500004773,2.149
6.41000004773,2.149
6.41500004773,2.274
6.42000004773,2.2115
6.42500004773,2.149
6.43000004773,2.2115
6.43500004773,2.149
6.44000004773,2.149
6.44500004773,2.0865
6.45000004773,2.2115
6.45500004773,2.149
6.46000004773,2.274
6.46500004773,2.149
6.47000004773,2.2115
6.47500004773,2.2115
6.48000004773,2.149
6.48500004773,2.2115
6.49000004773,2.0865
6.49500004773,2.149
6.50000004773,2.274
6.50500004773,2.149
6.51000004773,2.2115
6.51500004773,2.2115
6.52000004773,2.149
6.52500004773,2.149
6.53000004773,2.2115
6.53500004773,2.149
6.54000004773,2.2115
6.54500004773,2.0865
6.55000004773,2.274
6.55500004773,2.2115
6.56000004773,2.2115
6.56500004773,2.274
6.57000004773,2.274
6.57500004773,2.2115
6.58000004773,2.0865
6.58500004773,2.2115
6.59000004773,2.149
6.59500004773,2.2115
6.60000004773,2.2115
6.60500004773,2.0865
6.61000004773,2.274
6.61500004773,2.274
6.62000004773,2.2115
6.62500004773,2.2115
6.63000004773,2.2115
6.63500004773,2.2115
6.64000004773,2.2115
6.64500004773,2.149
6.65000004773,2.2115
6.65500004773,2.2115
6.66000004773,2.2115
6.66500004773,2.2115
6.67000004773,2.149
6.67500004773,2.274
6.68000004773,2.2115
6.68500004773,2.2115
6.69000004773,2.2115
6.69500004773,2.2115
6.70000004773,2.2115
6.70500004773,2.2115
6.71000004773,2.149
6.71500004773,2.274
6.72000004773,2.2115
6.72500004773,2.149
6.73000004773,2.2115
6.73500004773,2.274
6.74000004773,2.2115
6.74500004773,2.0865
6.75000004773,2.2115
6.75500004773,2.2115
6.76000004773,2.149
6.76500004773,2.274
6.77000004773,2.274
6.77500004773,2.149
6.78000004773,2.2115
6.78500004773,2.2115
6.79000004773,2.149
6.79500004773,2.274
6.80000004773,2.0865
6.80500004773,2.2115
6.81000004773,2.149
6.81500004773,2.274
6.82000004773,2.2115
6.82500004773,2.2115
6.83000004773,2.2115
6.83500004773,2.2115
6.84000004773,2.2115
6.84500004773,2.2115
6.85000004773,2.149
6.85500004773,2.2115
6.86000004773,2.149
6.86500004773,2.274
6.87000004773,2.149
6.87500004773,2.274
6.88000004773,2.2115
6.88500004773,2.274
6.89000004773,2.274
6.89500004773,2.274
6.90000004773,2.149
6.90500004773,2.2115
6.91000004773,2.274
6.91500004773,2.149
6.92000004773,2.274
6.92500004773,2.149
6.93000004773,2.0865
6.93500004773,2.274
6.94000004773,2.149
6.94500004773,2.149
6.95000004773,2.149
6.95500004773,2.2115
6.96000004773,2.274
6.96500004773,2.149
6.97000004773,2.2115
6.97500004773,2.2115
6.98000004773,2.2115
6.98500004773,2.0865
6.99000004773,2.149
6.99500004773,2.2115
7.00000004773,2.2115
7.00500004773,2.149
7.01000004773,2.2115
7.01500004773,2.2115
7.02000004773,2.024
7.02500004773,2.2115
7.03000004773,2.149
7.03500004773,2.149
7.04000004773,2.2115
7.04500004773,2.149
7.05000004773,2.149
7.05500004773,2.2115
7.06000004773,2.2115
7.06500004773,2.2115
7.07000004773,2.149
7.07500004773,2.2115
7.08000004773,2.2115
7.08500004773,2.149
7.09000004773,2.2115
7.09500004773,2.274
7.10000004773,2.2115
7.10500004773,2.274
7.11000004773,2.0865
7.11500004773,2.0865
7.12000004773,2.2115
7.12500004773,2.0865
7.13000004773,2.274
7.13500004773,2.2115
7.14000004773,2.149
7.14500004773,2.274
7.15000004773,2.2115
7.15500004773,2.149
7.16000004773,2.2115
7.16500004773,2.149
7.17000004773,2.274
7.17500004773,2.274
7.18000004773,2.274
7.18500004773,2.274
7.19000004773,2.274
7.19500004773,2.274
7.20000004773,2.2115
7.20500004773,2.149
7.21000004773,2.2115
7.21500004773,2.2115
7.22000004773,2.149
7.22500004773,2.2115
7.23000004773,2.149
7.23500004773,2.2115
7.24000004773,2.2115
7.24500004773,2.274
7.25000004773,2.2115
7.25500004773,2.2115
7.26000004773,2.149
7.26500004773,2.274
7.27000004773,2.149
7.27500004773,2.2115
7.28000004773,2.2115
7.28500004773,2.149
7.29000004773,2.2115
7.29500004773,2.2115
7.30000004773,2.274
7.30500004773,2.149
7.31000004773,2.2115
7.31500004773,2.2115
7.32000004773,2.2115
7.32500004773,2.0865
7.33000004773,2.149
7.33500004773,2.2115
7.34000004773,2.2115
7.34500004773,2.2115
7.35000004773,2.2115
7.35500004773,2.2115
7.36000004773,2.2115
7.36500004773,2.274
7.37000004773,2.274
7.37500004773,2.2115
7.38000004773,2.2115
7.38500004773,2.2115
7.39000004773,2.274
7.39500004773,2.274
7.40000004773,2.2115
7.40500004773,2.2115
7.41000004773,2.2115
7.41500004773,2.3365
7.42000004773,2.2115
7.42500004773,2.149
7.43000004773,2.149
7.43500004773,2.2115
7.44000004773,2.2115
7.44500004773,2.2115
7.45000004773,2.149
7.45500004773,2.2115
7.46000004773,2.274
7.46500004773,2.149
7.47000004773,2.2115
7.47500004773,2.274
7.48000004773,2.149
7.48500004773,2.149
7.49000004773,2.274
7.49500004773,2.2115
7.50000004773,2.274
7.50500004773,2.149
7.51000004773,2.274
7.51500004773,2.2115
7.52000004773,2.2115
7.52500004773,2.2115
7.53000004773,2.274
7.53500004773,2.2115
7.54000004773,2.149
7.54500004773,2.149
7.55000004773,2.2115
7.55500004773,2.274
7.56000004773,2.2115
7.56500004773,2.0865
7.57000004773,2.2115
7.57500004773,2.2115
7.58000004773,2.2115
7.58500004773,2.0865
7.59000004773,2.2115
7.59500004773,2.2115
7.60000004773,2.2115
7.60500004773,2.274
7.61000004773,2.2115
7.61500004773,2.274
7.62000004773,2.149
7.62500004773,2.149
7.63000004773,2.149
7.63500004773,2.2115
7.64000004773,2.2115
7.64500004773,2.274
7.65000004773,2.0865
7.65500004773,2.274
7.66000004773,2.149
7.66500004773,2.149
7.67000004773,2.149
7.67500004773,2.274
7.68000004773,2.274
7.68500004773,2.274
7.69000004773,2.149
7.69500004773,2.024
7.70000004773,2.149
7.70500004773,2.2115
7.71000004773,2.274
7.71500004773,2.149
7.72000004773,2.149
7.72500004773,2.149
7.73000004773,2.3365
7.73500004773,2.2115
7.74000004773,2.149
7.74500004773,2.2115
7.75000004773,2.149
7.75500004773,2.274
7.76000004773,2.2115
7.76500004773,2.2115
7.77000004773,2.274
7.77500004773,2.274
7.78000004773,2.2115
7.78500004773,2.274
7.79000004773,2.0865
7.79500004773,2.149
7.80000004773,2.274
7.80500004773,2.149
7.81000004773,2.149
7.81500004773,2.274
7.82000004773,2.149
7.82500004773,2.0865
7.83000004773,2.2115
7.83500004773,2.149
7.84000004773,2.149
7.84500004773,2.274
7.85000004773,2.2115
7.85500004773,2.149
7.86000004773,2.2115
7.86500004773,2.274
7.87000004773,2.2115
7.87500004773,2.0865
7.88000004773,2.149
7.88500004773,2.149
7.89000004773,2.2115
7.89500004773,2.274
7.90000004773,2.2115
7.90500004773,2.149
7.91000004773,2.2115
7.91500004773,2.0865
7.92000004773,2.149
7.92500004773,2.274
7.93000004773,2.149
7.93500004773,2.274
7.94000004773,2.274
7.94500004773,2.2115
7.95000004773,2.149
7.95500004773,2.2115
7.96000004773,2.2115
7.96500004773,2.2115
7.97000004773,2.2115
7.97500004773,2.149
7.98000004773,2.149
7.98500004773,2.274
7.99000004773,2.149
7.99500004773,2.274
8.00000004773,2.149
8.00500004773,2.0865
8.01000004773,2.2115
8.01500004773,2.274
8.02000004773,2.274
8.02500004773,2.149
8.03000004773,2.274
8.03500004773,2.2115
8.04000004773,2.149
8.04500004773,2.2115
8.05000004773,2.2115
8.05500004773,2.2115
8.06000004773,2.2115
8.06500004773,2.149
8.07000004773,2.149
8.07500004773,2.149
8.08000004773,2.149
8.08500004773,2.2115
8.09000004773,2.274
8.09500004773,2.2115
8.10000004773,2.149
8.10500004773,2.149
8.11000004773,2.274
8.11500004773,2.149
8.12000004773,2.274
8.12500004773,2.3365
8.13000004773,2.149
8.13500004773,2.2115
8.14000004773,2.149
8.14500004773,2.2115
8.15000004773,2.2115
8.15500004773,2.274
8.16000004773,2.2115
8.16500004773,2.149
8.17000004773,2.2115
8.17500004773,2.274
8.18000004773,2.274
8.18500004773,2.2115
8.19000004773,2.274
8.19500004773,2.2115
8.20000004773,2.2115
8.20500004773,2.149
8.21000004773,2.2115
8.21500004773,2.149
8.22000004773,2.2115
8.22500004773,2.2115
8.23000004773,2.2115
8.23500004773,2.2115
8.24000004773,2.2115
8.24500004773,2.149
8.25000004773,2.2115
8.25500004773,2.3365
8.26000004773,2.2115
8.26500004773,2.2115
8.27000004773,2.2115
8.27500004773,2.149
8.28000004773,2.149
8.28500004773,2.2115
8.29000004773,2.2115
8.29500004773,2.149
8.30000004773,2.149
8.30500004773,2.2115
8.31000004773,2.149
8.31500004773,2.274
8.32000004773,2.2115
8.32500004773,2.2115
8.33000004773,2.2115
8.33500004773,2.2115
8.34000004773,2.274
8.34500004773,2.149
8.35000004773,2.149
8.35500004773,2.274
8.36000004773,2.2115
8.36500004773,2.2115
8.37000004773,2.2115
8.37500004773,2.274
8.38000004773,2.274
8.38500004773,2.2115
8.39000004773,2.274
8.39500004773,2.149
8.40000004773,2.149
8.40500004773,2.2115
8.41000004773,2.2115
8.41500004773,2.2115
8.42000004773,2.2115
8.42500004773,2.2115
8.43000004773,2.149
8.43500004773,2.274
8.44000004773,2.149
8.44500004773,2.0865
8.45000004773,2.2115
8.45500004773,2.2115
8.46000004773,2.2115
8.46500004773,2.149
8.47000004773,2.149
8.47500004773,2.149
8.48000004773,2.149
8.48500004773,2.2115
8.49000004773,2.0865
8.49500004773,2.2115
8.50000004773,2.149
8.50500004773,2.274
8.51000004773,2.274
8.51500004773,2.2115
8.52000004773,2.2115
8.52500004773,2.149
8.53000004773,2.2115
8.53500004773,2.149
8.54000004773,2.2115
8.54500004773,2.2115
8.55000004773,2.2115
8.55500004773,2.2115
8.56000004773,2.149
8.56500004773,2.149
8.57000004773,2.149
8.57500004773,2.149
8.58000004773,2.149
8.58500004773,2.0865
8.59000004773,2.2115
8.59500004773,2.274
8.60000004773,2.2115
8.60500004773,2.149
8.61000004773,2.2115
8.61500004773,2.274
8.62000004773,2.2115
8.62500004773,2.149
8.63000004773,2.274
8.63500004773,2.2115
8.64000004773,2.149
8.64500004773,2.2115
8.65000004773,2.2115
8.65500004773,2.274
8.66000004773,2.274
8.66500004773,2.2115
8.67000004773,2.2115
8.67500004773,2.0865
8.68000004773,2.2115
8.68500004773,2.149
8.69000004773,2.274
8.69500004773,2.2115
8.70000004773,2.149
8.70500004773,2.149
8.71000004773,2.274
8.71500004773,2.2115
8.72000004773,2.2115
8.72500004773,2.149
8.73000004773,2.2115
8.73500004773,2.2115
8.74000004773,2.2115
8.74500004773,2.274
8.75000004773,2.149
8.75500004773,2.274
8.76000004773,2.2115
8.76500004773,2.274
8.77000004773,2.2115
8.77500004773,2.0865
8.78000004773,2.2115
8.78500004773,2.149
8.79000004773,2.274
8.79500004773,2.2115
8.80000004773,2.149
8.80500004773,2.274
8.81000004773,2.2115
8.81500004773,2.2115
8.82000004773,2.149
8.82500004773,2.2115
8.83000004773,2.149
8.83500004773,2.2115
8.84000004773,2.149
8.84500004773,2.2115
8.85000004773,2.2115
8.85500004773,2.274
8.86000004773,2.274
8.86500004773,2.2115
8.87000004773,2.149
8.87500004773,2.149
8.88000004773,2.2115
8.88500004773,2.2115
8.89000004773,2.0865
8.89500004773,2.149
8.90000004773,2.149
8.90500004773,2.2115
8.91000004773,2.2115
8.91500004773,2.149
8.92000004773,2.2115
8.92500004773,2.2115
8.93000004773,2.2115
8.93500004773,2.2115
8.94000004773,2.2115
8.94500004773,2.2115
8.95000004773,2.0865
8.95500004773,2.149
8.96000004773,2.2115
8.96500004773,2.2115
8.97000004773,2.149
8.97500004773,2.2115
8.98000004773,2.149
8.98500004773,2.2115
8.99000004773,2.2115
8.99500004773,2.274
9.00000004773,2.2115
9.00500004773,2.2115
9.01000004773,2.2115
9.01500004773,2.149
9.02000004773,2.0865
9.02500004773,2.149
9.03000004773,2.149
9.03500004773,2.149
9.04000004773,2.2115
9.04500004773,2.2115
9.05000004773,2.149
9.05500004773,2.2115
9.06000004773,2.149
9.06500004773,2.274
9.07000004773,2.149
9.07500004773,2.149
9.08000004773,2.2115
9.08500004773,2.2115
9.09000004773,2.149
9.09500004773,2.149
9.10000004773,2.149
9.10500004773,2.2115
9.11000004773,2.274
9.11500004773,2.2115
9.12000004773,2.2115
9.12500004773,2.2115
9.13000004773,2.0865
9.13500004773,2.0865
9.14000004773,2.2115
9.14500004773,2.0865
9.15000004773,2.149
9.15500004773,2.274
9.16000004773,2.2115
9.16500004773,2.3365
9.17000004773,2.0865
9.17500004773,2.149
9.18000004773,2.0865
9.18500004773,2.149
9.19000004773,2.2115
9.19500004773,2.2115
9.20000004773,2.2115
9.20500004773,2.2115
9.21000004773,2.274
9.21500004773,2.149
9.22000004773,2.274
9.22500004773,2.2115
9.23000004773,2.274
9.23500004773,2.274
9.24000004773,2.024
9.24500004773,2.2115
9.25000004773,2.149
9.25500004773,2.2115
9.26000004773,2.0865
9.26500004773,2.2115
9.27000004773,2.2115
9.27500004773,2.149
9.28000004773,2.149
9.28500004773,2.2115
9.29000004773,2.149
9.29500004773,2.2115
9.30000004773,2.149
9.30500004773,2.2115
9.31000004773,2.149
9.31500004773,2.149
9.32000004773,2.274
9.32500004773,2.274
9.33000004773,2.3365
9.33500004773,2.149
9.34000004773,2.274
9.34500004773,2.2115
9.35000004773,2.149
9.35500004773,2.2115
9.36000004773,2.149
9.36500004773,2.274
9.37000004773,2.2115
9.37500004773,2.149
9.38000004773,2.2115
9.38500004773,2.274
9.39000004773,2.0865
9.39500004773,2.2115
9.40000004773,2.149
9.40500004773,2.149
9.41000004773,2.274
9.41500004773,2.149
9.42000004773,2.2115
9.42500004773,2.149
9.43000004773,2.2115
9.43500004773,2.2115
9.44000004773,2.274
9.44500004773,2.149
9.45000004773,2.2115
9.45500004773,2.149
9.46000004773,2.0865
9.46500004773,2.2115
9.47000004773,2.2115
9.47500004773,2.149
9.48000004773,2.149
9.48500004773,2.149
9.49000004773,2.274
9.49500004773,2.149
9.50000004773,2.2115
9.50500004773,2.2115
9.51000004773,2.2115
9.51500004773,2.149
9.52000004773,2.274
9.52500004773,2.2115
9.53000004773,2.2115
9.53500004773,2.274
9.54000004773,2.149
9.54500004773,2.2115
9.55000004773,2.274
9.55500004773,2.2115
9.56000004773,2.2115
9.56500004773,2.149
9.57000004773,2.149
9.57500004773,2.274
9.58000004773,2.274
9.58500004773,2.149
9.59000004773,2.2115
9.59500004773,2.3365
9.60000004773,2.149
9.60500004773,2.2115
9.61000004773,2.274
9.61500004773,2.2115
9.62000004773,2.274
9.62500004773,2.2115
9.63000004773,2.2115
9.63500004773,2.0865
9.64000004773,2.2115
9.64500004773,2.149
9.65000004773,2.2115
9.65500004773,2.2115
9.66000004773,2.0865
9.66500004773,2.274
9.67000004773,2.274
9.67500004773,2.2115
9.68000004773,2.0865
9.68500004773,2.149
9.69000004773,2.149
9.69500004773,2.274
9.70000004773,2.149
9.70500004773,2.149
9.71000004773,2.2115
9.71500004773,2.2115
9.72000004773,2.2115
9.72500004773,2.2115
9.73000004773,2.274
9.73500004773,2.2115
9.74000004773,2.149
9.74500004773,2.2115
9.75000004773,2.149
9.75500004773,2.0865
9.76000004773,2.2115
9.76500004773,2.274
9.77000004773,2.274
9.77500004773,2.149
9.78000004773,2.2115
9.78500004773,2.149
9.79000004773,2.2115
9.79500004773,2.149
9.80000004773,2.2115
9.80500004773,2.274
9.81000004773,2.2115
9.81500004773,2.274
9.82000004773,2.149
9.82500004773,2.149
9.83000004773,2.0865
9.83500004773,2.2115
9.84000004773,2.2115
9.84500004773,2.149
9.85000004773,2.2115
9.85500004773,2.274
9.86000004773,2.149
9.86500004773,2.2115
9.87000004773,2.2115
9.87500004773,2.149
9.88000004773,2.149
9.88500004773,2.2115
9.89000004773,2.149
9.89500004773,2.2115
9.90000004773,2.2115
9.90500004773,2.274
9.91000004773,2.149
9.91500004773,2.149
9.92000004773,2.2115
9.92500004773,2.149
9.93000004773,2.274
9.93500004773,2.274
9.94000004773,2.2115
9.94500004773,2.274
9.95000004773,2.2115
9.95500004773,2.2115
9.96000004773,2.274
9.96500004773,2.3365
9.97000004773,2.274
9.97500004773,2.274
9.98000004773,2.274
9.98500004773,2.274
9.99000004773,2.0865
9.99500004773,2.149
10.0000000477,2.149
10.0050000477,2.2115
10.0100000477,2.2115
10.0150000477,2.274
10.0200000477,2.2115
10.0250000477,2.2115
10.0300000477,2.274
10.0350000477,2.149
10.0400000477,2.149
10.0450000477,2.2115
10.0500000477,2.149
10.0550000477,2.2115
10.0600000477,2.2115
10.0650000477,2.149
10.0700000477,2.3365
10.0750000477,2.149
10.0800000477,2.2115
10.0850000477,2.2115
10.0900000477,2.149
10.0950000477,2.2115
10.1000000477,2.2115
10.1050000477,2.2115
10.1100000477,2.2115
10.1150000477,2.2115
10.1200000477,2.2115
10.1250000477,2.274
10.1300000477,2.2115
10.1350000477,2.149
10.1400000477,2.2115
10.1450000477,2.149
10.1500000477,2.2115
10.1550000477,2.274
10.1600000477,2.2115
10.1650000477,2.2115
10.1700000477,2.2115
10.1750000477,2.274
10.1800000477,2.274
10.1850000477,2.149
10.1900000477,2.2115
10.1950000477,2.274
10.2000000477,2.149
10.2050000477,2.2115
10.2100000477,2.149
10.2150000477,2.274
10.2200000477,2.274
10.2250000477,2.3365
10.2300000477,2.2115
10.2350000477,2.2115
10.2400000477,2.2115
10.2450000477,2.2115
10.2500000477,2.149
10.2550000477,2.274
10.2600000477,2.149
10.2650000477,2.149
10.2700000477,2.149
10.2750000477,2.2115
10.2800000477,2.2115
10.2850000477,2.149
10.2900000477,2.149
10.2950000477,2.2115
10.3000000477,2.2115
10.3050000477,2.2115
10.3100000477,2.149
10.3150000477,2.149
10.3200000477,2.2115
10.3250000477,2.2115
10.3300000477,2.2115
10.3350000477,2.0865
10.3400000477,2.274
10.3450000477,2.149
10.3500000477,2.2115
10.3550000477,2.149
10.3600000477,2.2115
10.3650000477,2.2115
10.3700000477,2.274
10.3750000477,2.274
10.3800000477,2.274
10.3850000477,2.2115
10.3900000477,2.0865
10.3950000477,2.149
10.4000000477,2.2115
10.4050000477,2.149
10.4100000477,2.274
10.4150000477,2.149
10.4200000477,2.149
10.4250000477,2.2115
10.4300000477,2.149
10.4350000477,2.2115
10.4400000477,2.2115
10.4450000477,2.149
10.4500000477,2.149
10.4550000477,2.2115
10.4600000477,2.2115
10.4650000477,2.2115
10.4700000477,2.2115
10.4750000477,2.2115
10.4800000477,2.2115
10.4850000477,2.149
10.4900000477,2.274
10.4950000477,2.2115
10.5000000477,2.2115
10.5050000477,2.149
10.5100000477,2.274
10.5150000477,2.2115
10.5200000477,2.149
10.5250000477,2.274
10.5300000477,2.2115
10.5350000477,2.149
10.5400000477,2.149
10.5450000477,2.2115
10.5500000477,2.149
10.5550000477,2.149
10.5600000477,2.149
10.5650000477,2.2115
10.5700000477,2.3365
10.5750000477,2.149
10.5800000477,2.2115
10.5850000477,2.149
10.5900000477,2.0865
10.5950000477,2.149
10.6000000477,2.149
10.6050000477,2.149
10.6100000477,2.274
10.6150000477,2.149
10.6200000477,2.149
10.6250000477,2.149
10.6300000477,2.2115
10.6350000477,2.149
10.6400000477,2.274
10.6450000477,2.274
10.6500000477,2.3365
10.6550000477,2.274
10.6600000477,2.2115
10.6650000477,2.0865
10.6700000477,2.2115
10.6750000477,2.149
10.6800000477,2.2115
10.6850000477,2.2115
10.6900000477,2.2115
10.6950000477,2.149
10.7000000477,2.2115
10.7050000477,2.2115
10.7100000477,2.149
10.7150000477,2.274
10.7200000477,2.149
10.7250000477,2.2115
10.7300000477,2.149
10.7350000477,2.274
10.7400000477,2.2115
10.7450000477,2.2115
10.7500000477,2.2115
10.7550000477,2.2115
10.7600000477,2.149
10.7650000477,2.149
10.7700000477,2.0865
10.7750000477,2.149
10.7800000477,2.149
10.7850000477,2.149
10.7900000477,2.274
10.7950000477,2.2115
10.8000000477,2.149
10.8050000477,2.2115
10.8100000477,2.274
10.8150000477,2.149
10.8200000477,2.2115
10.8250000477,2.149
10.8300000477,2.274
10.8350000477,2.149
10.8400000477,2.149
10.8450000477,2.274
10.8500000477,2.2115
10.8550000477,2.2115
10.8600000477,2.2115
10.8650000477,2.2115
10.8700000477,2.149
10.8750000477,2.2115
10.8800000477,2.2115
10.8850000477,2.149
10.8900000477,2.2115
10.8950000477,2.2115
10.9000000477,2.274
10.9050000477,2.2115
10.9100000477,2.149
10.9150000477,2.2115
10.9200000477,2.149
10.9250000477,2.2115
10.9300000477,2.2115
10.9350000477,2.2115
10.9400000477,2.2115
10.9450000477,2.149
10.9500000477,2.149
10.9550000477,2.149
10.9600000477,2.149
10.9650000477,2.2115
10.9700000477,2.2115
10.9750000477,2.149
10.9800000477,2.2115
10.9850000477,2.149
10.9900000477,2.2115
10.9950000477,2.149
11.0000000477,2.0865
11.0050000477,2.149
11.0100000477,2.2115
11.0150000477,2.149
11.0200000477,2.0865
11.0250000477,2.2115
11.0300000477,2.274
11.0350000477,2.274
11.0400000477,2.149
11.0450000477,2.274
11.0500000477,2.2115
11.0550000477,2.149
11.0600000477,2.274
11.0650000477,2.149
11.0700000477,2.2115
11.0750000477,2.0865
11.0800000477,2.0865
11.0850000477,2.2115
11.0900000477,2.274
11.0950000477,2.149
11.1000000477,2.2115
11.1050000477,2.2115
11.1100000477,2.149
11.1150000477,2.2115
11.1200000477,2.149
11.1250000477,2.2115
11.1300000477,2.274
11.1350000477,2.274
11.1400000477,2.149
11.1450000477,2.149
11.1500000477,2.2115
11.1550000477,2.274
11.1600000477,2.149
11.1650000477,2.2115
11.1700000477,2.2115
11.1750000477,2.149
11.1800000477,2.2115
11.1850000477,2.2115
11.1900000477,2.149
11.1950000477,2.149
11.2000000477,2.2115
11.2050000477,2.274
11.2100000477,2.0865
11.2150000477,2.2115
11.2200000477,2.274
11.2250000477,2.0865
11.2300000477,2.2115
11.2350000477,2.149
11.2400000477,2.274
11.2450000477,2.2115
11.2500000477,2.2115
11.2550000477,2.2115
11.2600000477,2.274
11.2650000477,2.274
11.2700000477,2.2115
11.2750000477,2.149
11.2800000477,2.2115
11.2850000477,2.2115
11.2900000477,2.2115
11.2950000477,2.149
11.3000000477,2.274
11.3050000477,2.149
11.3100000477,2.0865
11.3150000477,2.149
11.3200000477,2.2115
11.3250000477,2.149
11.3300000477,2.274
11.3350000477,2.149
11.3400000477,2.2115
11.3450000477,2.149
11.3500000477,2.149
11.3550000477,2.2115
11.3600000477,2.149
11.3650000477,2.2115
11.3700000477,2.0865
11.3750000477,2.2115
11.3800000477,2.2115
11.3850000477,2.149
11.3900000477,2.149
11.3950000477,2.2115
11.4000000477,2.2115
11.4050000477,2.149
11.4100000477,2.149
11.4150000477,2.274
11.4200000477,2.2115
11.4250000477,2.2115
11.4300000477,2.274
11.4350000477,2.2115
11.4400000477,2.274
11.4450000477,2.149
11.4500000477,2.2115
11.4550000477,2.2115
11.4600000477,2.2115
11.4650000477,2.274
11.4700000477,2.2115
11.4750000477,2.274
11.4800000477,2.2115
11.4850000477,2.2115
11.4900000477,2.2115
11.4950000477,2.149
11.5000000477,2.149
11.5050000477,2.2115
11.5100000477,2.149
11.5150000477,2.2115
11.5200000477,2.149
11.5250000477,2.2115
11.5300000477,2.274
11.5350000477,2.149
11.5400000477,2.149
11.5450000477,2.274
11.5500000477,2.149
11.5550000477,2.149
11.5600000477,2.274
11.5650000477,2.274
11.5700000477,2.2115
11.5750000477,2.2115
11.5800000477,2.149
11.5850000477,2.2115
11.5900000477,2.149
11.5950000477,2.274
11.6000000477,2.2115
11.6050000477,2.149
11.6100000477,2.149
11.6150000477,2.149
11.6200000477,2.2115
11.6250000477,2.149
11.6300000477,2.149
11.6350000477,2.274
11.6400000477,2.149
11.6450000477,2.2115
11.6500000477,2.149
11.6550000477,2.274
11.6600000477,2.0865
11.6650000477,2.149
11.6700000477,2.2115
11.6750000477,2.149
11.6800000477,2.149
11.6850000477,2.274
11.6900000477,2.149
11.6950000477,2.149
11.7000000477,2.2115
11.7050000477,2.149
11.7100000477,2.274
11.7150000477,2.2115
11.7200000477,2.2115
11.7250000477,2.149
11.7300000477,2.2115
11.7350000477,2.2115
11.7400000477,2.0865
11.7450000477,2.2115
11.7500000477,2.149
11.7550000477,2.2115
11.7600000477,2.2115
11.7650000477,2.149
11.7700000477,2.2115
11.7750000477,2.274
11.7800000477,2.2115
11.7850000477,2.149
11.7900000477,2.149
11.7950000477,2.2115
11.8000000477,2.274
11.8050000477,2.149
11.8100000477,2.2115
11.8150000477,2.2115
11.8200000477,2.2115
11.8250000477,2.2115
11.8300000477,2.274
11.8350000477,2.274
11.8400000477,2.149
11.8450000477,2.149
11.8500000477,2.2115
11.8550000477,2.2115
11.8600000477,2.0865
11.8650000477,2.2115
11.8700000477,2.0865
11.8750000477,2.2115
11.8800000477,2.149
11.8850000477,2.024
11.8900000477,2.149
11.8950000477,2.149
11.9000000477,2.274
11.9050000477,2.2115
11.9100000477,2.2115
11.9150000477,2.149
11.9200000477,2.3365
11.9250000477,2.0865
11.9300000477,2.2115
11.9350000477,2.2115
11.9400000477,2.149
11.9450000477,2.274
11.9500000477,2.149
11.9550000477,2.149
11.9600000477,2.2115
11.9650000477,2.149
11.9700000477,2.2115
11.9750000477,2.2115
11.9800000477,2.2115
11.9850000477,2.2115
11.9900000477,2.274
11.9950000477,2.274
12.0000000477,2.2115
12.0050000477,2.274
12.0100000477,2.149
12.0150000477,2.149
12.0200000477,2.149
12.0250000477,2.2115
12.0300000477,2.149
12.0350000477,2.149
12.0400000477,2.149
12.0450000477,2.149
12.0500000477,2.149
12.0550000477,2.2115
12.0600000477,2.2115
12.0650000477,2.2115
12.0700000477,2.274
12.0750000477,2.274
12.0800000477,2.149
12.0850000477,2.2115
12.0900000477,2.149
12.0950000477,2.149
12.1000000477,2.2115
12.1050000477,2.149
12.1100000477,2.149
12.1150000477,2.0865
12.1200000477,2.2115
12.1250000477,2.149
12.1300000477,2.149
12.1350000477,2.2115
12.1400000477,2.2115
12.1450000477,2.149
12.1500000477,2.2115
12.1550000477,2.149
12.1600000477,2.2115
12.1650000477,2.149
12.1700000477,2.149
12.1750000477,2.2115
12.1800000477,2.2115
12.1850000477,2.2115
12.1900000477,2.3365
12.1950000477,2.149
12.2000000477,2.149
12.2050000477,2.2115
12.2100000477,2.2115
12.2150000477,2.2115
12.2200000477,2.149
12.2250000477,2.2115
12.2300000477,2.2115
12.2350000477,2.2115
12.2400000477,2.149
12.2450000477,2.149
12.2500000477,2.149
12.2550000477,2.2115
12.2600000477,2.0865
12.2650000477,2.274
12.2700000477,2.149
12.2750000477,2.274
12.2800000477,2.149
12.2850000477,2.274
12.2900000477,2.2115
12.2950000477,2.274
12.3000000477,2.2115
12.3050000477,2.149
12.3100000477,2.2115
12.3150000477,2.2115
12.3200000477,2.2115
12.3250000477,2.2115
12.3300000477,2.149
12.3350000477,2.2115
12.3400000477,2.149
12.3450000477,2.149
12.3500000477,2.0865
12.3550000477,2.274
12.3600000477,2.2115
12.3650000477,2.2115
12.3700000477,2.149
12.3750000477,2.2115
12.3800000477,2.274
12.3850000477,2.2115
12.3900000477,2.149
12.3950000477,2.2115
12.4000000477,2.2115
12.4050000477,2.149
12.4100000477,2.274
12.4150000477,2.2115
12.4200000477,2.2115
12.4250000477,2.0865
12.4300000477,2.2115
12.4350000477,2.149
12.4400000477,2.3365
12.4450000477,2.274
12.4500000477,2.0865
12.4550000477,2.2115
12.4600000477,2.274
12.4650000477,2.2115
12.4700000477,2.149
12.4750000477,2.2115
12.4800000477,2.2115
12.4850000477,2.2115
12.4900000477,2.2115
12.4950000477,2.2115
12.5000000477,2.149
12.5050000477,2.149
12.5100000477,2.274
12.5150000477,2.2115
12.5200000477,2.2115
12.5250000477,2.2115
12.5300000477,2.2115
12.5350000477,2.0865
12.5400000477,2.2115
12.5450000477,2.2115
12.5500000477,2.2115
12.5550000477,2.2115
12.5600000477,2.2115
12.5650000477,2.2115
12.5700000477,2.149
12.5750000477,2.0865
12.5800000477,2.2115
12.5850000477,2.274
12.5900000477,2.2115
12.5950000477,2.149
12.6000000477,2.149
12.6050000477,2.149
12.6100000477,2.3365
12.6150000477,2.2115
12.6200000477,2.2115
12.6250000477,2.149
12.6300000477,2.2115
12.6350000477,2.2115
12.6400000477,2.2115
12.6450000477,2.149
12.6500000477,2.0865
12.6550000477,2.149
12.6600000477,2.0865
12.6650000477,2.2115
12.6700000477,2.149
12.6750000477,2.149
12.6800000477,2.274
12.6850000477,2.2115
12.6900000477,2.149
12.6950000477,2.274
12.7000000477,2.2115
12.7050000477,2.2115
12.7100000477,2.2115
12.7150000477,2.2115
12.7200000477,2.274
12.7250000477,2.149
12.7300000477,2.149
12.7350000477,2.2115
12.7400000477,2.2115
12.7450000477,2.274
12.7500000477,2.149
12.7550000477,2.0865
12.7600000477,2.2115
12.7650000477,2.149
12.7700000477,2.274
12.7750000477,2.274
12.7800000477,2.149
12.7850000477,2.2115
12.7900000477,2.274
12.7950000477,2.149
12.8000000477,2.2115
12.8050000477,2.2115
12.8100000477,2.149
12.8150000477,2.2115
12.8200000477,2.149
12.8250000477,2.149
12.8300000477,2.2115
12.8350000477,2.274
12.8400000477,2.0865
12.8450000477,2.149
12.8500000477,2.149
12.8550000477,2.149
12.8600000477,2.149
12.8650000477,2.149
12.8700000477,2.2115
12.8750000477,2.149
12.8800000477,2.2115
12.8850000477,2.2115
12.8900000477,2.3365
12.8950000477,2.149
12.9000000477,2.2115
12.9050000477,2.2115
12.9100000477,2.2115
12.9150000477,2.2115
12.9200000477,2.149
12.9250000477,2.2115
12.9300000477,2.274
12.9350000477,2.149
12.9400000477,2.2115
12.9450000477,2.2115
12.9500000477,2.3365
12.9550000477,2.2115
12.9600000477,2.0865
12.9650000477,2.2115
12.9700000477,2.274
12.9750000477,2.274
12.9800000477,2.2115
12.9850000477,2.274
12.9900000477,2.3365
12.9950000477,2.2115
13.0000000477,2.0865
13.0050000477,2.149
13.0100000477,2.2115
13.0150000477,2.274
13.0200000477,2.2115
13.0250000477,2.2115
13.0300000477,2.149
13.0350000477,2.0865
13.0400000477,2.0865
13.0450000477,2.2115
13.0500000477,2.149
13.0550000477,2.2115
13.0600000477,2.2115
13.0650000477,2.2115
13.0700000477,2.149
13.0750000477,2.149
13.0800000477,2.2115
13.0850000477,2.2115
13.0900000477,2.2115
13.0950000477,2.2115
13.1000000477,2.2115
13.1050000477,2.2115
13.1100000477,2.2115
13.1150000477,2.274
13.1200000477,2.274
13.1250000477,2.2115
13.1300000477,2.2115
13.1350000477,2.0865
13.1400000477,2.149
13.1450000477,2.149
13.1500000477,2.149
13.1550000477,2.149
13.1600000477,2.2115
13.1650000477,2.2115
13.1700000477,2.149
13.1750000477,2.2115
13.1800000477,2.149
13.1850000477,2.2115
13.1900000477,2.149
13.1950000477,2.274
13.2000000477,2.149
13.2050000477,2.2115
13.2100000477,2.2115
13.2150000477,2.2115
13.2200000477,2.149
13.2250000477,2.2115
13.2300000477,2.274
13.2350000477,2.149
13.2400000477,2.2115
13.2450000477,2.2115
13.2500000477,2.149
13.2550000477,2.149
13.2600000477,2.274
13.2650000477,2.149
13.2700000477,2.2115
13.2750000477,2.149
13.2800000477,2.149
13.2850000477,2.149
13.2900000477,2.274
13.2950000477,2.149
13.3000000477,2.274
13.3050000477,2.274
13.3100000477,2.0865
13.3150000477,2.149
13.3200000477,2.2115
13.3250000477,2.0865
13.3300000477,2.2115
13.3350000477,2.2115
13.3400000477,2.274
13.3450000477,2.2115
13.3500000477,2.2115
13.3550000477,2.149
13.3600000477,2.2115
13.3650000477,2.274
13.3700000477,2.2115
13.3750000477,2.274
13.3800000477,2.2115
13.3850000477,2.274
13.3900000477,2.274
13.3950000477,2.149
13.4000000477,2.2115
13.4050000477,2.274
13.4100000477,2.2115
13.4150000477,2.2115
13.4200000477,2.2115
13.4250000477,2.274
13.4300000477,2.149
13.4350000477,2.2115
13.4400000477,2.149
13.4450000477,2.149
13.4500000477,2.274
13.4550000477,2.2115
13.4600000477,2.149
13.4650000477,2.274
13.4700000477,2.149
13.4750000477,2.2115
13.4800000477,2.2115
13.4850000477,2.274
13.4900000477,2.149
13.4950000477,2.2115
13.5000000477,2.149
13.5050000477,2.149
13.5100000477,2.2115
13.5150000477,2.149
13.5200000477,2.149
13.5250000477,2.149
13.5300000477,2.2115
13.5350000477,2.274
13.5400000477,2.149
13.5450000477,2.274
13.5500000477,2.149
13.5550000477,2.0865
13.5600000477,2.149
13.5650000477,2.2115
13.5700000477,2.149
13.5750000477,2.2115
13.5800000477,2.3365
13.5850000477,2.149
13.5900000477,2.0865
13.5950000477,2.149
13.6000000477,2.2115
13.6050000477,2.0865
13.6100000477,2.2115
13.6150000477,2.2115
13.6200000477,2.149
13.6250000477,2.2115
13.6300000477,2.0865
13.6350000477,2.0865
13.6400000477,2.274
13.6450000477,2.274
13.6500000477,2.2115
13.6550000477,2.2115
13.6600000477,2.149
13.6650000477,2.149
13.6700000477,2.274
13.6750000477,2.149
13.6800000477,2.2115
13.6850000477,2.274
13.6900000477,2.274
13.6950000477,2.149
13.7000000477,2.2115
13.7050000477,2.2115
13.7100000477,2.2115
13.7150000477,2.2115
13.7200000477,2.2115
13.7250000477,2.149
13.7300000477,2.3365
13.7350000477,2.149
13.7400000477,2.274
13.7450000477,2.274
13.7500000477,2.149
13.7550000477,2.2115
13.7600000477,2.149
13.7650000477,2.2115
13.7700000477,2.2115
13.7750000477,2.274
13.7800000477,2.274
13.7850000477,2.2115
13.7900000477,2.274
13.7950000477,2.2115
13.8000000477,2.2115
13.8050000477,2.274
13.8100000477,2.149
13.8150000477,2.149
13.8200000477,2.149
13.8250000477,2.2115
13.8300000477,2.2115
13.8350000477,2.2115
13.8400000477,2.2115
13.8450000477,2.2115
13.8500000477,2.2115
13.8550000477,2.274
13.8600000477,2.2115
13.8650000477,2.274
13.8700000477,2.149
13.8750000477,2.2115
13.8800000477,2.0865
13.8850000477,2.2115
13.8900000477,2.2115
13.8950000477,2.149
13.9000000477,2.274
13.9050000477,2.2115
13.9100000477,2.274
13.9150000477,2.149
13.9200000477,2.274
13.9250000477,2.149
13.9300000477,2.2115
13.9350000477,2.2115
13.9400000477,2.274
13.9450000477,2.149
13.9500000477,2.149
13.9550000477,2.274
13.9600000477,2.2115
13.9650000477,2.2115
13.9700000477,2.149
13.9750000477,2.2115
13.9800000477,2.149
13.9850000477,2.149
13.9900000477,2.2115
13.9950000477,2.149
14.0000000477,2.2115
14.0050000477,2.274
14.0100000477,2.0865
14.0150000477,2.2115
14.0200000477,2.149
14.0250000477,2.0865
14.0300000477,2.2115
14.0350000477,2.149
14.0400000477,2.274
14.0450000477,2.0865
14.0500000477,2.2115
14.0550000477,2.2115
14.0600000477,2.2115
14.0650000477,2.274
14.0700000477,2.2115
14.0750000477,2.274
14.0800000477,2.2115
14.0850000477,2.149
14.0900000477,2.2115
14.0950000477,2.0865
14.1000000477,2.2115
14.1050000477,2.2115
14.1100000477,2.2115
14.1150000477,2.2115
14.1200000477,2.2115
14.1250000477,2.149
14.1300000477,2.2115
14.1350000477,2.149
14.1400000477,2.149
14.1450000477,2.149
14.1500000477,2.2115
14.1550000477,2.149
14.1600000477,2.274
14.1650000477,2.2115
14.1700000477,2.149
14.1750000477,2.2115
14.1800000477,2.3365
14.1850000477,2.149
14.1900000477,2.274
14.1950000477,2.274
14.2000000477,2.149
14.2050000477,2.2115
14.2100000477,2.2115
14.2150000477,2.274
14.2200000477,2.149
14.2250000477,2.274
14.2300000477,2.2115
14.2350000477,2.149
14.2400000477,2.149
14.2450000477,2.2115
14.2500000477,2.2115
14.2550000477,2.149
14.2600000477,2.2115
14.2650000477,2.274
14.2700000477,2.274
14.2750000477,2.2115
14.2800000477,2.2115
14.2850000477,2.149
14.2900000477,2.149
14.2950000477,2.0865
14.3000000477,2.274
14.3050000477,2.2115
14.3100000477,2.274
14.3150000477,2.149
14.3200000477,2.274
14.3250000477,2.2115
14.3300000477,2.149
14.3350000477,2.2115
14.3400000477,2.2115
14.3450000477,2.0865
14.3500000477,2.2115
14.3550000477,2.2115
14.3600000477,2.2115
14.3650000477,2.2115
14.3700000477,2.149
14.3750000477,2.149
14.3800000477,2.2115
14.3850000477,2.2115
14.3900000477,2.149
14.3950000477,2.274
14.4000000477,2.2115
14.4050000477,2.274
14.4100000477,2.2115
14.4150000477,2.274
14.4200000477,2.274
14.4250000477,2.274
14.4300000477,2.2115
14.4350000477,2.2115
14.4400000477,2.274
14.4450000477,2.149
14.4500000477,2.149
14.4550000477,2.149
14.4600000477,2.2115
14.4650000477,2.149
14.4700000477,2.149
14.4750000477,2.3365
14.4800000477,2.274
14.4850000477,2.149
14.4900000477,2.2115
14.4950000477,2.0865
14.5000000477,2.2115
14.5050000477,2.2115
14.5100000477,2.2115
14.5150000477,2.0865
14.5200000477,2.2115
14.5250000477,2.2115
14.5300000477,2.2115
14.5350000477,2.149
14.5400000477,2.149
14.5450000477,2.0865
14.5500000477,2.2115
14.5550000477,2.149
14.5600000477,2.3365
14.5650000477,2.149
14.5700000477,2.2115
14.5750000477,2.149
14.5800000477,2.274
14.5850000477,2.149
14.5900000477,2.2115
14.5950000477,2.149
14.6000000477,2.274
14.6050000477,2.149
14.6100000477,2.2115
14.6150000477,2.2115
14.6200000477,2.0865
14.6250000477,2.2115
14.6300000477,2.2115
14.6350000477,2.149
14.6400000477,2.149
14.6450000477,2.274
14.6500000477,2.0865
14.6550000477,2.2115
14.6600000477,2.2115
14.6650000477,2.149
14.6700000477,2.149
14.6750000477,2.2115
14.6800000477,2.2115
14.6850000477,2.2115
14.6900000477,2.2115
14.6950000477,2.274
14.7000000477,2.274
14.7050000477,2.2115
14.7100000477,2.274
14.7150000477,2.2115
14.7200000477,2.149
14.7250000477,2.2115
14.7300000477,2.149
14.7350000477,2.149
14.7400000477,2.149
14.7450000477,2.2115
14.7500000477,2.149
14.7550000477,2.149
14.7600000477,2.2115
14.7650000477,2.0865
14.7700000477,2.2115
14.7750000477,2.2115
14.7800000477,2.149
14.7850000477,2.2115
14.7900000477,2.2115
14.7950000477,2.2115
14.8000000477,2.149
14.8050000477,2.274
14.8100000477,2.274
14.8150000477,2.274
14.8200000477,2.149
14.8250000477,2.0865
14.8300000477,2.149
14.8350000477,2.2115
14.8400000477,2.274
14.8450000477,2.2115
14.8500000477,2.2115
14.8550000477,2.149
14.8600000477,2.2115
14.8650000477,2.149
14.8700000477,2.149
14.8750000477,2.149
14.8800000477,2.149
14.8850000477,2.274
14.8900000477,2.2115
14.8950000477,2.2115
14.9000000477,2.149
14.9050000477,2.2115
14.9100000477,2.149
14.9150000477,2.3365
14.9200000477,2.2115
14.9250000477,2.2115
14.9300000477,2.149
14.9350000477,2.149
14.9400000477,2.274
14.9450000477,2.149
14.9500000477,2.2115
14.9550000477,2.2115
14.9600000477,2.274
14.9650000477,2.149
14.9700000477,2.2115
14.9750000477,2.274
14.9800000477,2.149
14.9850000477,2.149
14.9900000477,2.2115
14.9950000477,2.0865
15.0000000477,2.149
15.0050000477,2.274
15.0100000477,2.274
15.0150000477,2.2115
15.0200000477,2.2115
15.0250000477,2.149
15.0300000477,2.274
15.0350000477,2.2115
15.0400000477,2.2115
15.0450000477,2.274
15.0500000477,2.149
15.0550000477,2.274
15.0600000477,2.149
15.0650000477,2.149
15.0700000477,2.2115
15.0750000477,2.2115
15.0800000477,2.2115
15.0850000477,2.274
15.0900000477,2.274
15.0950000477,2.149
15.1000000477,2.2115
15.1050000477,2.149
15.1100000477,2.2115
15.1150000477,2.2115
15.1200000477,2.274
15.1250000477,2.2115
15.1300000477,2.2115
15.1350000477,2.149
15.1400000477,2.149
15.1450000477,2.149
15.1500000477,2.274
15.1550000477,2.149
15.1600000477,2.149
15.1650000477,2.2115
15.1700000477,2.2115
15.1750000477,2.2115
15.1800000477,2.149
15.1850000477,2.149
15.1900000477,2.274
15.1950000477,2.2115
15.2000000477,2.149
15.2050000477,2.149
15.2100000477,2.2115
15.2150000477,2.274
15.2200000477,2.2115
15.2250000477,2.274
15.2300000477,2.149
15.2350000477,2.2115
15.2400000477,2.149
15.2450000477,2.149
15.2500000477,2.274
15.2550000477,2.2115
15.2600000477,2.2115
15.2650000477,2.2115
15.2700000477,2.149
15.2750000477,2.149
15.2800000477,2.274
15.2850000477,2.2115
15.2900000477,2.149
15.2950000477,2.2115
15.3000000477,2.2115
15.3050000477,2.2115
15.3100000477,2.2115
15.3150000477,2.149
15.3200000477,2.274
15.3250000477,2.274
15.3300000477,2.2115
15.3350000477,2.274
15.3400000477,2.274
15.3450000477,2.274
15.3500000477,2.2115
15.3550000477,2.2115
15.3600000477,2.0865
15.3650000477,2.2115
15.3700000477,2.2115
15.3750000477,2.2115
15.3800000477,2.149
15.3850000477,2.274
15.3900000477,2.149
15.3950000477,2.274
15.4000000477,2.274
15.4050000477,2.2115
15.4100000477,2.2115
15.4150000477,2.274
15.4200000477,2.2115
15.4250000477,2.274
15.4300000477,2.2115
15.4350000477,2.0865
15.4400000477,2.2115
15.4450000477,2.149
15.4500000477,2.149
15.4550000477,2.149
15.4600000477,2.2115
15.4650000477,2.274
15.4700000477,2.149
15.4750000477,2.274
15.4800000477,2.149
15.4850000477,2.0865
15.4900000477,2.149
15.4950000477,2.149
15.5000000477,2.274
15.5050000477,2.274
15.5100000477,2.2115
15.5150000477,2.2115
15.5200000477,2.274
15.5250000477,2.149
15.5300000477,2.2115
15.5350000477,2.274
15.5400000477,2.274
15.5450000477,2.2115
15.5500000477,2.274
15.5550000477,2.0865
15.5600000477,2.2115
15.5650000477,2.2115
15.5700000477,2.149
15.5750000477,2.274
15.5800000477,2.2115
15.5850000477,2.149
15.5900000477,2.274
15.5950000477,2.2115
15.6000000477,2.2115
15.6050000477,2.149
15.6100000477,2.149
15.6150000477,2.2115
15.6200000477,2.2115
15.6250000477,2.2115
15.6300000477,2.2115
15.6350000477,2.2115
15.6400000477,2.274
15.6450000477,2.149
15.6500000477,2.2115
15.6550000477,2.274
15.6600000477,2.149
15.6650000477,2.2115
15.6700000477,2.274
15.6750000477,2.2115
15.6800000477,2.149
15.6850000477,2.2115
15.6900000477,2.149
15.6950000477,2.274
15.7000000477,2.274
15.7050000477,2.149
15.7100000477,2.0865
15.7150000477,2.274
15.7200000477,2.149
15.7250000477,2.2115
15.7300000477,2.2115
15.7350000477,2.2115
15.7400000477,2.274
15.7450000477,2.149
15.7500000477,2.274
15.7550000477,2.2115
15.7600000477,2.2115
15.7650000477,2.149
15.7700000477,2.2115
15.7750000477,2.0865
15.7800000477,2.2115
15.7850000477,2.274
15.7900000477,2.2115
15.7950000477,2.274
15.8000000477,2.2115
15.8050000477,2.2115
15.8100000477,2.149
15.8150000477,2.149
15.8200000477,2.2115
15.8250000477,2.274
15.8300000477,2.149
15.8350000477,2.149
15.8400000477,2.0865
15.8450000477,2.149
15.8500000477,2.2115
15.8550000477,2.2115
15.8600000477,2.3365
15.8650000477,2.149
15.8700000477,2.149
15.8750000477,2.149
15.8800000477,2.149
15.8850000477,2.149
15.8900000477,2.149
15.8950000477,2.2115
15.9000000477,2.2115
15.9050000477,2.2115
15.9100000477,2.2115
15.9150000477,2.2115
15.9200000477,2.0865
15.9250000477,2.0865
15.9300000477,2.149
15.9350000477,2.274
15.9400000477,2.274
15.9450000477,2.2115
15.9500000477,2.274
15.9550000477,2.274
15.9600000477,2.149
15.9650000477,2.2115
15.9700000477,2.2115
15.9750000477,2.3365
15.9800000477,2.149
15.9850000477,2.274
15.9900000477,2.2115
15.9950000477,2.2115
16.0000000477,2.149
16.0050000477,2.149
16.0100000477,2.149
16.0150000477,2.2115
16.0200000477,2.149
16.0250000477,2.274
16.0300000477,2.149
16.0350000477,2.2115
16.0400000477,2.149
16.0450000477,2.2115
16.0500000477,2.149
16.0550000477,2.2115
16.0600000477,2.2115
16.0650000477,2.2115
16.0700000477,2.2115
16.0750000477,2.274
16.0800000477,2.2115
16.0850000477,2.274
16.0900000477,2.274
16.0950000477,2.149
16.1000000477,2.024
16.1050000477,2.274
16.1100000477,2.149
16.1150000477,2.2115
16.1200000477,2.149
16.1250000477,2.149
16.1300000477,2.149
16.1350000477,2.274
16.1400000477,2.2115
16.1450000477,2.274
16.1500000477,2.2115
16.1550000477,2.149
16.1600000477,2.274
16.1650000477,2.149
16.1700000477,2.2115
16.1750000477,2.149
16.1800000477,2.2115
16.1850000477,2.149
16.1900000477,2.274
16.1950000477,2.2115
16.2000000477,2.2115
16.2050000477,2.2115
16.2100000477,2.2115
16.2150000477,2.2115
16.2200000477,2.2115
16.2250000477,2.274
16.2300000477,2.149
16.2350000477,2.0865
16.2400000477,2.2115
16.2450000477,2.2115
16.2500000477,2.2115
16.2550000477,2.149
16.2600000477,2.274
16.2650000477,2.2115
16.2700000477,2.274
16.2750000477,2.149
16.2800000477,2.2115
16.2850000477,2.149
16.2900000477,2.274
16.2950000477,2.149
16.3000000477,2.0865
16.3050000477,2.149
16.3100000477,2.2115
16.3150000477,2.2115
16.3200000477,2.2115
16.3250000477,2.149
16.3300000477,2.149
16.3350000477,2.0865
16.3400000477,2.2115
16.3450000477,2.274
16.3500000477,2.2115
16.3550000477,2.0865
16.3600000477,2.2115
16.3650000477,2.2115
16.3700000477,2.2115
16.3750000477,2.2115
16.3800000477,2.2115
16.3850000477,2.2115
16.3900000477,2.149
16.3950000477,2.274
16.4000000477,2.2115
16.4050000477,2.2115
16.4100000477,2.2115
16.4150000477,2.274
16.4200000477,2.274
16.4250000477,2.2115
16.4300000477,2.0865
16.4350000477,2.149
16.4400000477,2.2115
16.4450000477,2.149
16.4500000477,2.0865
16.4550000477,2.149
16.4600000477,2.149
16.4650000477,2.2115
16.4700000477,2.149
16.4750000477,2.149
16.4800000477,2.2115
16.4850000477,2.149
16.4900000477,2.149
16.4950000477,2.2115
16.5000000477,2.274
16.5050000477,2.2115
16.5100000477,2.2115
16.5150000477,2.149
16.5200000477,2.149
16.5250000477,2.2115
16.5300000477,2.149
16.5350000477,2.2115
16.5400000477,2.274
16.5450000477,2.2115
16.5500000477,2.149
16.5550000477,2.274
16.5600000477,2.2115
16.5650000477,2.149
16.5700000477,2.274
16.5750000477,2.274
16.5800000477,2.0865
16.5850000477,2.149
16.5900000477,2.2115
16.5950000477,2.2115
16.6000000477,2.2115
16.6050000477,2.2115
16.6100000477,2.2115
16.6150000477,2.149
16.6200000477,2.149
16.6250000477,2.2115
16.6300000477,2.149
16.6350000477,2.149
16.6400000477,2.2115
16.6450000477,2.274
16.6500000477,2.149
16.6550000477,2.2115
16.6600000477,2.274
16.6650000477,2.149
16.6700000477,2.2115
16.6750000477,2.2115
16.6800000477,2.2115
16.6850000477,2.2115
16.6900000477,2.149
16.6950000477,2.2115
16.7000000477,2.2115
16.7050000477,2.274
16.7100000477,2.149
16.7150000477,2.274
16.7200000477,2.2115
16.7250000477,2.0865
16.7300000477,2.2115
16.7350000477,2.2115
16.7400000477,2.149
16.7450000477,2.149
16.7500000477,2.149
16.7550000477,2.0865
16.7600000477,2.149
16.7650000477,2.2115
16.7700000477,2.2115
16.7750000477,2.2115
16.7800000477,2.149
16.7850000477,2.274
16.7900000477,2.149
16.7950000477,2.274
16.8000000477,2.149
16.8050000477,2.149
16.8100000477,2.2115
16.8150000477,2.2115
16.8200000477,2.149
16.8250000477,2.149
16.8300000477,2.2115
16.8350000477,2.2115
16.8400000477,2.0865
16.8450000477,2.149
16.8500000477,2.2115
16.8550000477,2.2115
16.8600000477,2.274
16.8650000477,2.274
16.8700000477,2.274
16.8750000477,2.2115
16.8800000477,2.149
16.8850000477,2.149
16.8900000477,2.274
16.8950000477,2.3365
16.9000000477,2.2115
16.9050000477,2.2115
16.9100000477,2.0865
16.9150000477,2.2115
16.9200000477,2.2115
16.9250000477,2.2115
16.9300000477,2.274
16.9350000477,2.2115
16.9400000477,2.2115
16.9450000477,2.2115
16.9500000477,2.2115
16.9550000477,2.149
16.9600000477,2.0865
16.9650000477,2.274
16.9700000477,2.3365
16.9750000477,2.274
16.9800000477,2.2115
16.9850000477,2.149
16.9900000477,2.2115
16.9950000477,2.149
17.0000000477,2.149
17.0050000477,2.149
17.0100000477,2.149
17.0150000477,2.2115
17.0200000477,2.0865
17.0250000477,2.149
17.0300000477,2.149
17.0350000477,2.2115
17.0400000477,2.2115
17.0450000477,2.2115
17.0500000477,2.3365
17.0550000477,2.274
17.0600000477,2.149
17.0650000477,2.2115
17.0700000477,2.2115
17.0750000477,2.149
17.0800000477,2.149
17.0850000477,2.149
17.0900000477,2.274
17.0950000477,2.2115
17.1000000477,2.274
17.1050000477,2.149
17.1100000477,2.2115
17.1150000477,2.149
17.1200000477,2.274
17.1250000477,2.149
17.1300000477,2.274
17.1350000477,2.2115
17.1400000477,2.274
17.1450000477,2.274
17.1500000477,2.2115
17.1550000477,2.274
17.1600000477,2.274
17.1650000477,2.274
17.1700000477,2.149
17.1750000477,2.2115
17.1800000477,2.149
17.1850000477,2.149
17.1900000477,2.2115
17.1950000477,2.2115
17.2000000477,2.149
17.2050000477,2.149
17.2100000477,2.2115
17.2150000477,2.274
17.2200000477,2.274
17.2250000477,2.2115
17.2300000477,2.274
17.2350000477,2.274
17.2400000477,2.2115
17.2450000477,2.149
17.2500000477,2.274
17.2550000477,2.2115
17.2600000477,2.2115
17.2650000477,2.2115
17.2700000477,2.274
17.2750000477,2.2115
17.2800000477,2.2115
17.2850000477,2.149
17.2900000477,2.2115
17.2950000477,2.2115
17.3000000477,2.149
17.3050000477,2.2115
17.3100000477,2.2115
17.3150000477,2.274
17.3200000477,2.0865
17.3250000477,2.2115
17.3300000477,2.149
17.3350000477,2.024
17.3400000477,2.149
17.3450000477,2.2115
17.3500000477,2.274
17.3550000477,2.2115
17.3600000477,2.149
17.3650000477,2.149
17.3700000477,2.149
17.3750000477,2.149
17.3800000477,2.2115
17.3850000477,2.2115
17.3900000477,2.2115
17.3950000477,2.149
17.4000000477,2.2115
17.4050000477,2.2115
17.4100000477,2.2115
17.4150000477,2.2115
17.4200000477,2.0865
17.4250000477,2.149
17.4300000477,2.2115
17.4350000477,2.149
17.4400000477,2.274
17.4450000477,2.2115
17.4500000477,2.149
17.4550000477,2.2115
17.4600000477,2.149
17.4650000477,2.0865
17.4700000477,2.2115
17.4750000477,2.2115
17.4800000477,2.2115
17.4850000477,2.149
17.4900000477,2.149
17.4950000477,2.2115
17.5000000477,2.2115
17.5050000477,2.0865
17.5100000477,2.274
17.5150000477,2.2115
17.5200000477,2.2115
17.5250000477,2.0865
17.5300000477,2.2115
17.5350000477,2.2115
17.5400000477,2.2115
17.5450000477,2.2115
17.5500000477,2.149
17.5550000477,2.2115
17.5600000477,2.149
17.5650000477,2.2115
17.5700000477,2.2115
17.5750000477,2.149
17.5800000477,2.274
17.5850000477,2.149
17.5900000477,2.2115
17.5950000477,2.2115
17.6000000477,2.149
17.6050000477,2.2115
17.6100000477,2.2115
17.6150000477,2.2115
17.6200000477,2.2115
17.6250000477,2.274
17.6300000477,2.2115
17.6350000477,2.149
17.6400000477,2.2115
17.6450000477,2.149
17.6500000477,2.149
17.6550000477,2.2115
17.6600000477,2.149
17.6650000477,2.274
17.6700000477,2.2115
17.6750000477,2.149
17.6800000477,2.149
17.6850000477,2.149
17.6900000477,2.0865
17.6950000477,2.2115
17.7000000477,2.2115
17.7050000477,2.2115
17.7100000477,2.149
17.7150000477,2.149
17.7200000477,2.2115
17.7250000477,2.2115
17.7300000477,2.149
17.7350000477,2.149
17.7400000477,2.274
17.7450000477,2.274
17.7500000477,2.274
17.7550000477,2.274
17.7600000477,2.149
17.7650000477,2.2115
17.7700000477,2.2115
17.7750000477,2.149
17.7800000477,2.2115
17.7850000477,2.149
17.7900000477,2.149
17.7950000477,2.149
17.8000000477,2.0865
17.8050000477,2.149
17.8100000477,2.274
17.8150000477,2.2115
17.8200000477,2.2115
17.8250000477,2.274
17.8300000477,2.149
17.8350000477,2.149
17.8400000477,2.274
17.8450000477,2.0865
17.8500000477,2.2115
17.8550000477,2.3365
17.8600000477,2.274
17.8650000477,2.274
17.8700000477,2.149
17.8750000477,2.149
17.8800000477,2.3365
17.8850000477,2.149
17.8900000477,2.2115
17.8950000477,2.2115
17.9000000477,2.274
17.9050000477,2.2115
17.9100000477,2.149
17.9150000477,2.3365
17.9200000477,2.149
17.9250000477,2.149
17.9300000477,2.274
17.9350000477,2.2115
17.9400000477,2.2115
17.9450000477,2.149
17.9500000477,2.149
17.9550000477,2.149
17.9600000477,2.149
17.9650000477,2.274
17.9700000477,2.2115
17.9750000477,2.2115
17.9800000477,2.2115
17.9850000477,2.2115
17.9900000477,2.149
17.9950000477,2.2115
18.0000000477,2.149
18.0050000477,2.149
18.0100000477,2.2115
18.0150000477,2.2115
18.0200000477,2.2115
18.0250000477,2.2115
18.0300000477,2.149
18.0350000477,2.274
18.0400000477,2.2115
18.0450000477,2.2115
18.0500000477,2.149
18.0550000477,2.149
18.0600000477,2.274
18.0650000477,2.274
18.0700000477,2.2115
18.0750000477,2.274
18.0800000477,2.2115
18.0850000477,2.274
18.0900000477,2.149
18.0950000477,2.149
18.1000000477,2.149
18.1050000477,2.149
18.1100000477,2.149
18.1150000477,2.274
18.1200000477,2.274
18.1250000477,2.274
18.1300000477,2.274
18.1350000477,2.274
18.1400000477,2.149
18.1450000477,2.149
18.1500000477,2.2115
18.1550000477,2.274
18.1600000477,2.2115
18.1650000477,2.274
18.1700000477,2.274
18.1750000477,2.2115
18.1800000477,2.2115
18.1850000477,2.0865
18.1900000477,2.149
18.1950000477,2.2115
18.2000000477,2.2115
18.2050000477,2.149
18.2100000477,2.149
18.2150000477,2.2115
18.2200000477,2.149
18.2250000477,2.2115
18.2300000477,2.274
18.2350000477,2.3365
18.2400000477,2.149
18.2450000477,2.2115
18.2500000477,2.149
18.2550000477,2.3365
18.2600000477,2.2115
18.2650000477,2.274
18.2700000477,2.2115
18.2750000477,2.2115
18.2800000477,2.2115
18.2850000477,2.2115
18.2900000477,2.149
18.2950000477,2.274
18.3000000477,2.149
18.3050000477,2.274
18.3100000477,2.2115
18.3150000477,2.2115
18.3200000477,2.0865
18.3250000477,2.2115
18.3300000477,2.2115
18.3350000477,2.149
18.3400000477,2.2115
18.3450000477,2.2115
18.3500000477,2.2115
18.3550000477,2.149
18.3600000477,2.149
18.3650000477,2.149
18.3700000477,2.2115
18.3750000477,2.149
18.3800000477,2.2115
18.3850000477,2.2115
18.3900000477,2.2115
18.3950000477,2.149
18.4000000477,2.274
18.4050000477,2.149
18.4100000477,2.149
18.4150000477,2.2115
18.4200000477,2.149
18.4250000477,2.149
18.4300000477,2.2115
18.4350000477,2.274
18.4400000477,2.2115
18.4450000477,2.274
18.4500000477,2.0865
18.4550000477,2.2115
18.4600000477,2.149
18.4650000477,2.274
18.4700000477,2.2115
18.4750000477,2.2115
18.4800000477,2.2115
18.4850000477,2.149
18.4900000477,2.2115
18.4950000477,2.2115
18.5000000477,2.149
18.5050000477,2.274
18.5100000477,2.3365
18.5150000477,2.2115
18.5200000477,2.2115
18.5250000477,2.149
18.5300000477,2.0865
18.5350000477,2.149
18.5400000477,2.2115
18.5450000477,2.274
18.5500000477,2.2115
18.5550000477,2.2115
18.5600000477,2.2115
18.5650000477,2.149
18.5700000477,2.274
18.5750000477,2.2115
18.5800000477,2.274
18.5850000477,2.274
18.5900000477,2.274
18.5950000477,2.2115
18.6000000477,2.274
18.6050000477,2.2115
18.6100000477,2.149
18.6150000477,2.274
18.6200000477,2.149
18.6250000477,2.274
18.6300000477,2.2115
18.6350000477,2.149
18.6400000477,2.0865
18.6450000477,2.2115
18.6500000477,2.149
18.6550000477,2.149
18.6600000477,2.149
18.6650000477,2.149
18.6700000477,2.2115
18.6750000477,2.149
18.6800000477,2.149
18.6850000477,2.2115
18.6900000477,2.149
18.6950000477,2.2115
18.7000000477,2.149
18.7050000477,2.2115
18.7100000477,2.149
18.7150000477,2.149
18.7200000477,2.149
18.7250000477,2.2115
18.7300000477,2.149
18.7350000477,2.0865
18.7400000477,2.274
18.7450000477,2.0865
18.7500000477,2.0865
18.7550000477,2.274
18.7600000477,2.274
18.7650000477,2.149
18.7700000477,2.149
18.7750000477,2.149
18.7800000477,2.2115
18.7850000477,2.149
18.7900000477,2.274
18.7950000477,2.274
18.8000000477,2.2115
18.8050000477,2.2115
18.8100000477,2.2115
18.8150000477,2.2115
18.8200000477,2.149
18.8250000477,2.149
18.8300000477,2.2115
18.8350000477,2.2115
18.8400000477,2.149
18.8450000477,2.2115
18.8500000477,2.2115
18.8550000477,2.2115
18.8600000477,2.2115
18.8650000477,2.274
18.8700000477,2.274
18.8750000477,2.274
18.8800000477,2.149
18.8850000477,2.2115
18.8900000477,2.2115
18.8950000477,2.2115
18.9000000477,2.149
18.9050000477,2.0865
18.9100000477,2.2115
18.9150000477,2.2115
18.9200000477,2.274
18.9250000477,2.274
18.9300000477,2.2115
18.9350000477,2.149
18.9400000477,2.2115
18.9450000477,2.024
18.9500000477,2.2115
18.9550000477,2.2115
18.9600000477,2.2115
18.9650000477,2.2115
18.9700000477,2.149
18.9750000477,2.149
18.9800000477,2.2115
18.9850000477,2.2115
18.9900000477,2.0865
18.9950000477,2.3365
19.0000000477,2.2115
19.0050000477,2.149
19.0100000477,2.2115
19.0150000477,2.149
19.0200000477,2.2115
19.0250000477,2.2115
19.0300000477,2.149
19.0350000477,2.149
19.0400000477,2.2115
19.0450000477,2.149
19.0500000477,2.149
19.0550000477,2.149
19.0600000477,2.2115
19.0650000477,2.2115
19.0700000477,2.149
19.0750000477,2.2115
19.0800000477,2.2115
19.0850000477,2.274
19.0900000477,2.2115
19.0950000477,2.274
19.1000000477,2.149
19.1050000477,2.2115
19.1100000477,2.2115
19.1150000477,2.274
19.1200000477,2.274
19.1250000477,2.0865
19.1300000477,2.0865
19.1350000477,2.274
19.1400000477,2.149
19.1450000477,2.0865
19.1500000477,2.2115
19.1550000477,2.149
19.1600000477,2.274
19.1650000477,2.2115
19.1700000477,2.2115
19.1750000477,2.149
19.1800000477,2.274
19.1850000477,2.274
19.1900000477,2.2115
19.1950000477,2.2115
19.2000000477,2.274
19.2050000477,2.2115
19.2100000477,2.0865
19.2150000477,2.149
19.2200000477,2.149
19.2250000477,2.149
19.2300000477,2.0865
19.2350000477,2.0865
19.2400000477,2.149
19.2450000477,2.274
19.2500000477,2.149
19.2550000477,2.149
19.2600000477,2.274
19.2650000477,2.149
19.2700000477,2.149
19.2750000477,2.2115
19.2800000477,2.3365
19.2850000477,2.149
19.2900000477,2.2115
19.2950000477,2.274
19.3000000477,2.2115
19.3050000477,2.0865
19.3100000477,2.2115
19.3150000477,2.149
19.3200000477,2.2115
19.3250000477,2.149
19.3300000477,2.2115
19.3350000477,2.2115
19.3400000477,2.2115
19.3450000477,2.2115
19.3500000477,2.2115
19.3550000477,2.274
19.3600000477,2.149
19.3650000477,2.2115
19.3700000477,2.2115
19.3750000477,2.2115
19.3800000477,2.2115
19.3850000477,2.2115
19.3900000477,2.149
19.3950000477,2.2115
19.4000000477,2.149
19.4050000477,2.274
19.4100000477,2.0865
19.4150000477,2.149
19.4200000477,2.2115
19.4250000477,2.2115
19.4300000477,2.149
19.4350000477,2.149
19.4400000477,2.2115
19.4450000477,2.2115
19.4500000477,2.2115
19.4550000477,2.274
19.4600000477,2.2115
19.4650000477,2.149
19.4700000477,2.2115
19.4750000477,2.2115
19.4800000477,2.274
19.4850000477,2.274
19.4900000477,2.2115
19.4950000477,2.2115
19.5000000477,2.2115
19.5050000477,2.2115
19.5100000477,2.2115
19.5150000477,2.2115
19.5200000477,2.2115
19.5250000477,2.149
19.5300000477,2.149
19.5350000477,2.274
19.5400000477,2.0865
19.5450000477,2.149
19.5500000477,2.149
19.5550000477,2.2115
19.5600000477,2.2115
19.5650000477,2.149
19.5700000477,2.149
19.5750000477,2.2115
19.5800000477,2.274
19.5850000477,2.2115
19.5900000477,2.149
19.5950000477,2.2115
19.6000000477,2.149
19.6050000477,2.2115
19.6100000477,2.149
19.6150000477,2.2115
19.6200000477,2.3365
19.6250000477,2.2115
19.6300000477,2.149
19.6350000477,2.2115
19.6400000477,2.274
19.6450000477,2.0865
19.6500000477,2.274
19.6550000477,2.274
19.6600000477,2.2115
19.6650000477,2.274
19.6700000477,2.149
19.6750000477,2.274
19.6800000477,2.2115
19.6850000477,2.274
19.6900000477,2.149
19.6950000477,2.149
19.7000000477,2.149
19.7050000477,2.149
19.7100000477,2.149
19.7150000477,2.2115
19.7200000477,2.2115
19.7250000477,2.2115
19.7300000477,2.2115
19.7350000477,2.149
19.7400000477,2.274
19.7450000477,2.2115
19.7500000477,2.274
19.7550000477,2.2115
19.7600000477,2.274
19.7650000477,2.2115
19.7700000477,2.2115
19.7750000477,2.2115
19.7800000477,2.2115
19.7850000477,2.149
19.7900000477,2.2115
19.7950000477,2.149
19.8000000477,2.2115
19.8050000477,2.2115
19.8100000477,2.149
19.8150000477,2.2115
19.8200000477,2.2115
19.8250000477,2.149
19.8300000477,2.2115
19.8350000477,2.149
19.8400000477,2.274
19.8450000477,2.2115
19.8500000477,2.274
19.8550000477,2.2115
19.8600000477,2.149
19.8650000477,2.149
19.8700000477,2.2115
19.8750000477,2.149
19.8800000477,2.2115
19.8850000477,2.3365
19.8900000477,2.2115
19.8950000477,2.2115
19.9000000477,2.149
19.9050000477,2.274
19.9100000477,2.2115
19.9150000477,2.149
19.9200000477,2.149
19.9250000477,2.0865
19.9300000477,2.274
19.9350000477,2.149
19.9400000477,2.2115
19.9450000477,2.2115
19.9500000477,2.2115
19.9550000477,2.2115
19.9600000477,2.2115
19.9650000477,2.2115
19.9700000477,2.2115
19.9750000477,2.149
19.9800000477,2.149
19.9850000477,2.2115
19.9900000477,2.149
19.9950000477,2.274
20.0000000477,2.2115
20.0050000477,2.274
20.0100000477,2.2115
20.0150000477,2.2115
20.0200000477,2.149
20.0250000477,2.274
20.0300000477,2.274
20.0350000477,2.274
20.0400000477,2.2115
20.0450000477,2.149
20.0500000477,2.274
20.0550000477,2.0865
20.0600000477,2.149
20.0650000477,2.149
20.0700000477,2.2115
20.0750000477,2.2115
20.0800000477,2.3365
20.0850000477,2.274
20.0900000477,2.2115
20.0950000477,2.2115
20.1000000477,2.274
20.1050000477,2.3365
20.1100000477,2.149
20.1150000477,2.2115
20.1200000477,2.2115
20.1250000477,2.149
20.1300000477,2.0865
20.1350000477,2.2115
20.1400000477,2.274
20.1450000477,2.149
20.1500000477,2.149
20.1550000477,2.2115
20.1600000477,2.2115
20.1650000477,2.274
20.1700000477,2.2115
20.1750000477,2.274
20.1800000477,2.2115
20.1850000477,2.149
20.1900000477,2.2115
20.1950000477,2.149
20.2000000477,2.149
20.2050000477,2.2115
20.2100000477,2.274
20.2150000477,2.2115
20.2200000477,2.2115
20.2250000477,2.2115
20.2300000477,2.2115
20.2350000477,2.274
20.2400000477,2.2115
20.2450000477,2.149
20.2500000477,2.149
20.2550000477,2.274
20.2600000477,2.3365
20.2650000477,2.274
20.2700000477,2.274
20.2750000477,2.2115
20.2800000477,2.2115
20.2850000477,2.2115
20.2900000477,2.274
20.2950000477,2.274
20.3000000477,2.149
20.3050000477,2.0865
20.3100000477,2.2115
20.3150000477,2.2115
20.3200000477,2.149
20.3250000477,2.149
20.3300000477,2.149
20.3350000477,2.274
20.3400000477,2.2115
20.3450000477,2.2115
20.3500000477,2.2115
20.3550000477,2.274
20.3600000477,2.2115
20.3650000477,2.149
20.3700000477,2.2115
20.3750000477,2.149
20.3800000477,2.2115
20.3850000477,2.149
20.3900000477,2.149
20.3950000477,2.2115
20.4000000477,2.149
20.4050000477,2.274
20.4100000477,2.274
20.4150000477,2.274
20.4200000477,2.0865
20.4250000477,2.2115
20.4300000477,2.0865
20.4350000477,2.149
20.4400000477,2.2115
20.4450000477,2.2115
20.4500000477,2.2115
20.4550000477,2.274
20.4600000477,2.2115
20.4650000477,2.149
20.4700000477,2.2115
20.4750000477,2.0865
20.4800000477,2.274
20.4850000477,2.0865
20.4900000477,2.2115
20.4950000477,2.2115
20.5000000477,2.149
20.5050000477,2.149
20.5100000477,2.2115
20.5150000477,2.149
20.5200000477,2.274
20.5250000477,2.2115
20.5300000477,2.274
20.5350000477,2.0865
20.5400000477,2.2115
20.5450000477,2.274
20.5500000477,2.2115
20.5550000477,2.2115
20.5600000477,2.274
20.5650000477,2.149
20.5700000477,2.149
20.5750000477,2.2115
20.5800000477,2.0865
20.5850000477,2.2115
20.5900000477,2.149
20.5950000477,2.2115
20.6000000477,2.2115
20.6050000477,2.274
20.6100000477,2.2115
20.6150000477,2.2115
20.6200000477,2.0865
20.6250000477,2.149
20.6300000477,2.149
20.6350000477,2.274
20.6400000477,2.274
20.6450000477,2.2115
20.6500000477,2.149
20.6550000477,2.2115
20.6600000477,2.274
20.6650000477,2.149
20.6700000477,2.2115
20.6750000477,2.149
20.6800000477,2.0865
20.6850000477,2.274
20.6900000477,2.274
20.6950000477,2.2115
20.7000000477,2.274
20.7050000477,2.274
20.7100000477,2.2115
20.7150000477,2.2115
20.7200000477,2.0865
20.7250000477,2.2115
20.7300000477,2.2115
20.7350000477,2.2115
20.7400000477,2.2115
20.7450000477,2.274
20.7500000477,2.2115
20.7550000477,2.2115
20.7600000477,2.274
20.7650000477,2.2115
20.7700000477,2.2115
20.7750000477,2.149
20.7800000477,2.149
20.7850000477,2.0865
20.7900000477,2.149
20.7950000477,2.2115
20.8000000477,2.149
20.8050000477,2.274
20.8100000477,2.2115
20.8150000477,2.2115
20.8200000477,2.2115
20.8250000477,2.274
20.8300000477,2.2115
20.8350000477,2.274
20.8400000477,2.149
20.8450000477,2.2115
20.8500000477,2.149
20.8550000477,2.149
20.8600000477,2.274
20.8650000477,2.2115
20.8700000477,2.149
20.8750000477,2.149
20.8800000477,2.2115
20.8850000477,2.2115
20.8900000477,2.149
20.8950000477,2.2115
20.9000000477,2.2115
20.9050000477,2.274
20.9100000477,2.274
20.9150000477,2.149
20.9200000477,2.149
20.9250000477,2.2115
20.9300000477,2.2115
20.9350000477,2.149
20.9400000477,2.2115
20.9450000477,2.2115
20.9500000477,2.2115
20.9550000477,2.274
20.9600000477,2.149
20.9650000477,2.2115
20.9700000477,2.2115
20.9750000477,2.2115
20.9800000477,2.274
20.9850000477,2.2115
20.9900000477,2.2115
20.9950000477,2.2115
21.0000000477,2.3365
21.0050000477,2.149
21.0100000477,2.2115
21.0150000477,2.2115
21.0200000477,2.2115
21.0250000477,2.0865
21.0300000477,2.149
21.0350000477,2.0865
21.0400000477,2.274
21.0450000477,2.149
21.0500000477,2.2115
21.0550000477,2.2115
21.0600000477,2.274
21.0650000477,2.2115
21.0700000477,2.149
21.0750000477,2.149
21.0800000477,2.2115
21.0850000477,2.2115
21.0900000477,2.2115
21.0950000477,2.274
21.1000000477,2.149
21.1050000477,2.274
21.1100000477,2.2115
21.1150000477,2.149
21.1200000477,2.0865
21.1250000477,2.2115
21.1300000477,2.2115
21.1350000477,2.149
21.1400000477,2.2115
21.1450000477,2.2115
21.1500000477,2.274
21.1550000477,2.274
21.1600000477,2.2115
21.1650000477,2.2115
21.1700000477,2.2115
21.1750000477,2.2115
21.1800000477,2.2115
21.1850000477,2.149
21.1900000477,2.274
21.1950000477,2.2115
21.2000000477,2.2115
21.2050000477,2.274
21.2100000477,2.2115
21.2150000477,2.2115
21.2200000477,2.2115
21.2250000477,2.2115
21.2300000477,2.2115
21.2350000477,2.2115
21.2400000477,2.2115
21.2450000477,2.149
21.2500000477,2.0865
21.2550000477,2.2115
21.2600000477,2.2115
21.2650000477,2.0865
21.2700000477,2.3365
21.2750000477,2.2115
21.2800000477,2.274
21.2850000477,2.2115
21.2900000477,2.149
21.2950000477,2.149
21.3000000477,2.2115
21.3050000477,2.2115
21.3100000477,2.2115
21.3150000477,2.2115
21.3200000477,2.2115
21.3250000477,2.149
21.3300000477,2.149
21.3350000477,2.2115
21.3400000477,2.274
21.3450000477,2.2115
21.3500000477,2.274
21.3550000477,2.149
21.3600000477,2.2115
21.3650000477,2.149
21.3700000477,2.0865
21.3750000477,2.3365
21.3800000477,2.149
21.3850000477,2.2115
21.3900000477,2.0865
21.3950000477,2.0865
21.4000000477,2.2115
21.4050000477,2.2115
21.4100000477,2.2115
21.4150000477,2.2115
21.4200000477,2.0865
21.4250000477,2.2115
21.4300000477,2.2115
21.4350000477,2.2115
21.4400000477,2.2115
21.4450000477,2.2115
21.4500000477,2.2115
21.4550000477,2.2115
21.4600000477,2.2115
21.4650000477,2.2115
21.4700000477,2.2115
21.4750000477,2.149
21.4800000477,2.2115
21.4850000477,2.274
21.4900000477,2.0865
21.4950000477,2.2115
21.5000000477,2.2115
21.5050000477,2.274
21.5100000477,2.2115
21.5150000477,2.2115
21.5200000477,2.2115
21.5250000477,2.149
21.5300000477,2.0865
21.5350000477,2.0865
21.5400000477,2.2115
21.5450000477,2.2115
21.5500000477,2.2115
21.5550000477,2.149
21.5600000477,2.2115
21.5650000477,2.149
21.5700000477,2.2115
21.5750000477,2.2115
21.5800000477,2.149
21.5850000477,2.2115
21.5900000477,2.0865
21.5950000477,2.149
21.6000000477,2.2115
21.6050000477,2.2115
21.6100000477,2.2115
21.6150000477,2.2115
21.6200000477,2.149
21.6250000477,2.2115
21.6300000477,2.2115
21.6350000477,2.0865
21.6400000477,2.2115
21.6450000477,2.274
21.6500000477,2.2115
21.6550000477,2.0865
21.6600000477,2.149
21.6650000477,2.2115
21.6700000477,2.2115
21.6750000477,2.2115
21.6800000477,2.2115
21.6850000477,2.149
21.6900000477,2.149
21.6950000477,2.2115
21.7000000477,2.274
21.7050000477,2.149
21.7100000477,2.2115
21.7150000477,2.2115
21.7200000477,2.2115
21.7250000477,2.2115
21.7300000477,2.2115
21.7350000477,2.0865
21.7400000477,2.149
21.7450000477,2.2115
21.7500000477,2.2115
21.7550000477,2.2115
21.7600000477,2.2115
21.7650000477,2.0865
21.7700000477,2.0865
21.7750000477,2.149
21.7800000477,2.274
21.7850000477,2.274
21.7900000477,2.2115
21.7950000477,2.274
21.8000000477,2.149
21.8050000477,2.149
21.8100000477,2.2115
21.8150000477,2.2115
21.8200000477,2.2115
21.8250000477,2.2115
21.8300000477,2.2115
21.8350000477,2.149
21.8400000477,2.149
21.8450000477,2.2115
21.8500000477,2.2115
21.8550000477,2.149
21.8600000477,2.2115
21.8650000477,2.2115
21.8700000477,2.2115
21.8750000477,2.149
21.8800000477,2.2115
21.8850000477,2.0865
21.8900000477,2.149
21.8950000477,2.149
21.9000000477,2.274
21.9050000477,2.2115
21.9100000477,2.2115
21.9150000477,2.0865
21.9200000477,2.2115
21.9250000477,2.2115
21.9300000477,2.149
21.9350000477,2.149
21.9400000477,2.2115
21.9450000477,2.3365
21.9500000477,2.274
21.9550000477,2.274
21.9600000477,2.149
21.9650000477,2.149
21.9700000477,2.2115
21.9750000477,2.274
21.9800000477,2.149
21.9850000477,2.274
21.9900000477,2.274
21.9950000477,2.274
22.0000000477,2.274
22.0050000477,2.149
22.0100000477,2.149
22.0150000477,2.274
22.0200000477,2.274
22.0250000477,2.2115
22.0300000477,2.149
22.0350000477,2.2115
22.0400000477,2.2115
22.0450000477,2.2115
22.0500000477,2.2115
22.0550000477,2.149
22.0600000477,2.2115
22.0650000477,2.149
22.0700000477,2.149
22.0750000477,2.2115
22.0800000477,2.2115
22.0850000477,2.0865
22.0900000477,2.2115
22.0950000477,2.149
22.1000000477,2.149
22.1050000477,2.149
22.1100000477,2.274
22.1150000477,2.149
22.1200000477,2.274
22.1250000477,2.2115
22.1300000477,2.274
22.1350000477,2.2115
22.1400000477,2.2115
22.1450000477,2.2115
22.1500000477,2.149
22.1550000477,2.0865
22.1600000477,2.0865
22.1650000477,2.149
22.1700000477,2.2115
22.1750000477,2.274
22.1800000477,2.149
22.1850000477,2.274
22.1900000477,2.2115
22.1950000477,2.2115
22.2000000477,2.149
22.2050000477,2.274
22.2100000477,2.274
22.2150000477,2.2115
22.2200000477,2.149
22.2250000477,2.274
22.2300000477,2.2115
22.2350000477,2.2115
22.2400000477,2.149
22.2450000477,2.2115
22.2500000477,2.274
22.2550000477,2.274
22.2600000477,2.149
22.2650000477,2.2115
22.2700000477,2.149
22.2750000477,2.149
22.2800000477,2.274
22.2850000477,2.2115
22.2900000477,2.2115
22.2950000477,2.274
22.3000000477,2.274
22.3050000477,2.2115
22.3100000477,2.149
22.3150000477,2.274
22.3200000477,2.2115
22.3250000477,2.2115
22.3300000477,2.2115
22.3350000477,2.2115
22.3400000477,2.149
22.3450000477,2.149
22.3500000477,2.2115
22.3550000477,2.2115
22.3600000477,2.2115
22.3650000477,2.274
22.3700000477,2.149
22.3750000477,2.2115
22.3800000477,2.2115
22.3850000477,2.149
22.3900000477,2.2115
22.3950000477,2.274
22.4000000477,2.149
22.4050000477,2.149
22.4100000477,2.274
22.4150000477,2.274
22.4200000477,2.2115
22.4250000477,2.0865
22.4300000477,2.2115
22.4350000477,2.2115
22.4400000477,2.274
22.4450000477,2.2115
22.4500000477,2.2115
22.4550000477,2.274
22.4600000477,2.0865
22.4650000477,2.149
22.4700000477,2.149
22.4750000477,2.274
22.4800000477,2.274
22.4850000477,2.2115
22.4900000477,2.274
22.4950000477,2.149
22.5000000477,2.2115
22.5050000477,2.274
22.5100000477,2.2115
22.5150000477,2.2115
22.5200000477,2.274
22.5250000477,2.2115
22.5300000477,2.2115
22.5350000477,2.274
22.5400000477,2.274
22.5450000477,2.2115
22.5500000477,2.2115
22.5550000477,2.274
22.5600000477,2.149
22.5650000477,2.149
22.5700000477,2.149
22.5750000477,2.149
22.5800000477,2.149
22.5850000477,2.274
22.5900000477,2.2115
22.5950000477,2.149
22.6000000477,2.149
22.6050000477,2.2115
22.6100000477,2.2115
22.6150000477,2.149
22.6200000477,2.2115
22.6250000477,2.274
22.6300000477,2.149
22.6350000477,2.149
22.6400000477,2.274
22.6450000477,2.149
22.6500000477,2.149
22.6550000477,2.274
22.6600000477,2.2115
22.6650000477,2.149
22.6700000477,2.274
22.6750000477,2.274
22.6800000477,2.149
22.6850000477,2.274
22.6900000477,2.2115
22.6950000477,2.2115
22.7000000477,2.2115
22.7050000477,2.2115
22.7100000477,2.2115
22.7150000477,2.274
22.7200000477,2.274
22.7250000477,2.274
22.7300000477,2.2115
22.7350000477,2.274
22.7400000477,2.2115
22.7450000477,2.149
22.7500000477,2.2115
22.7550000477,2.149
22.7600000477,2.2115
22.7650000477,2.2115
22.7700000477,2.149
22.7750000477,2.2115
22.7800000477,2.274
22.7850000477,2.3365
22.7900000477,2.0865
22.7950000477,2.274
22.8000000477,2.2115
22.8050000477,2.2115
22.8100000477,2.274
22.8150000477,2.149
22.8200000477,2.274
22.8250000477,2.274
22.8300000477,2.2115
22.8350000477,2.149
22.8400000477,2.2115
22.8450000477,2.2115
22.8500000477,2.2115
22.8550000477,2.274
22.8600000477,2.149
22.8650000477,2.2115
22.8700000477,2.149
22.8750000477,2.0865
22.8800000477,2.274
22.8850000477,2.2115
22.8900000477,2.2115
22.8950000477,2.149
22.9000000477,2.2115
22.9050000477,2.274
22.9100000477,2.2115
22.9150000477,2.274
22.9200000477,2.274
22.9250000477,2.149
22.9300000477,2.2115
22.9350000477,2.274
22.9400000477,2.2115
22.9450000477,2.149
22.9500000477,2.2115
22.9550000477,2.149
22.9600000477,2.2115
22.9650000477,2.2115
22.9700000477,2.149
22.9750000477,2.149
22.9800000477,2.2115
22.9850000477,2.149
22.9900000477,2.2115
22.9950000477,2.2115
23.0000000477,2.2115
23.0050000477,2.274
23.0100000477,2.2115
23.0150000477,2.274
23.0200000477,2.2115
23.0250000477,2.2115
23.0300000477,2.149
23.0350000477,2.2115
23.0400000477,2.2115
23.0450000477,2.274
23.0500000477,2.2115
23.0550000477,2.149
23.0600000477,2.149
23.0650000477,2.2115
23.0700000477,2.274
23.0750000477,2.2115
23.0800000477,2.2115
23.0850000477,2.274
23.0900000477,2.274
23.0950000477,2.274
23.1000000477,2.2115
23.1050000477,2.149
23.1100000477,2.149
23.1150000477,2.2115
23.1200000477,2.149
23.1250000477,2.2115
23.1300000477,2.149
23.1350000477,2.274
23.1400000477,2.3365
23.1450000477,2.0865
23.1500000477,2.2115
23.1550000477,2.149
23.1600000477,2.2115
23.1650000477,2.149
23.1700000477,2.2115
23.1750000477,2.0865
23.1800000477,2.2115
23.1850000477,2.149
23.1900000477,2.149
23.1950000477,2.149
23.2000000477,2.274
23.2050000477,2.3365
23.2100000477,2.2115
23.2150000477,2.2115
23.2200000477,2.149
23.2250000477,2.0865
23.2300000477,2.2115
23.2350000477,2.2115
23.2400000477,2.274
23.2450000477,2.2115
23.2500000477,2.2115
23.2550000477,2.149
23.2600000477,2.2115
23.2650000477,2.149
23.2700000477,2.2115
23.2750000477,2.0865
23.2800000477,2.149
23.2850000477,2.3365
23.2900000477,2.2115
23.2950000477,2.2115
23.3000000477,2.2115
23.3050000477,2.2115
23.3100000477,2.2115
23.3150000477,2.149
23.3200000477,2.0865
23.3250000477,2.2115
23.3300000477,2.2115
23.3350000477,2.2115
23.3400000477,2.274
23.3450000477,2.149
23.3500000477,2.149
23.3550000477,2.2115
23.3600000477,2.149
23.3650000477,2.149
23.3700000477,2.149
23.3750000477,2.2115
23.3800000477,2.2115
23.3850000477,2.2115
23.3900000477,2.274
23.3950000477,2.274
23.4000000477,2.149
23.4050000477,2.274
23.4100000477,2.149
23.4150000477,2.2115
23.4200000477,2.149
23.4250000477,2.274
23.4300000477,2.2115
23.4350000477,2.274
23.4400000477,2.2115
23.4450000477,2.149
23.4500000477,2.149
23.4550000477,2.274
23.4600000477,2.2115
23.4650000477,2.2115
23.4700000477,2.149
23.4750000477,2.149
23.4800000477,2.2115
23.4850000477,2.149
23.4900000477,2.2115
23.4950000477,2.149
23.5000000477,2.2115
23.5050000477,2.3365
23.5100000477,2.2115
23.5150000477,2.274
23.5200000477,2.2115
23.5250000477,2.149
23.5300000477,2.2115
23.5350000477,2.2115
23.5400000477,2.274
23.5450000477,2.274
23.5500000477,2.149
23.5550000477,2.2115
23.5600000477,2.149
23.5650000477,2.0865
23.5700000477,2.149
23.5750000477,2.2115
23.5800000477,2.2115
23.5850000477,2.2115
23.5900000477,2.149
23.5950000477,2.149
23.6000000477,2.274
23.6050000477,2.274
23.6100000477,2.274
23.6150000477,2.2115
23.6200000477,2.149
23.6250000477,2.274
23.6300000477,2.149
23.6350000477,2.274
23.6400000477,2.2115
23.6450000477,2.149
23.6500000477,2.2115
23.6550000477,2.2115
23.6600000477,2.149
23.6650000477,2.2115
23.6700000477,2.2115
23.6750000477,2.274
23.6800000477,2.149
23.6850000477,2.0865
23.6900000477,2.149
23.6950000477,2.149
23.7000000477,2.2115
23.7050000477,2.149
23.7100000477,2.274
23.7150000477,2.0865
23.7200000477,2.2115
23.7250000477,2.2115
23.7300000477,2.2115
23.7350000477,2.274
23.7400000477,2.274
23.7450000477,2.2115
23.7500000477,2.149
23.7550000477,2.2115
23.7600000477,2.2115
23.7650000477,2.2115
23.7700000477,2.2115
23.7750000477,2.2115
23.7800000477,2.149
23.7850000477,2.2115
23.7900000477,2.149
23.7950000477,2.2115
23.8000000477,2.2115
23.8050000477,2.2115
23.8100000477,2.2115
23.8150000477,2.149
23.8200000477,2.2115
23.8250000477,2.274
23.8300000477,2.149
23.8350000477,2.149
23.8400000477,2.149
23.8450000477,2.149
23.8500000477,2.149
23.8550000477,2.0865
23.8600000477,2.2115
23.8650000477,2.149
23.8700000477,2.2115
23.8750000477,2.2115
23.8800000477,2.149
23.8850000477,2.2115
23.8900000477,2.2115
23.8950000477,2.2115
23.9000000477,2.149
23.9050000477,2.149
23.9100000477,2.149
23.9150000477,2.274
23.9200000477,2.2115
23.9250000477,2.149
23.9300000477,2.0865
23.9350000477,2.274
23.9400000477,2.149
23.9450000477,2.149
23.9500000477,2.3365
23.9550000477,2.149
23.9600000477,2.2115
23.9650000477,2.149
23.9700000477,2.274
23.9750000477,2.149
23.9800000477,2.274
23.9850000477,2.0865
23.9900000477,2.2115
23.9950000477,2.2115
24.0000000477,2.2115
24.0050000477,2.2115
24.0100000477,2.149
24.0150000477,2.2115
24.0200000477,2.2115
24.0250000477,2.274
24.0300000477,2.274
24.0350000477,2.274
24.0400000477,2.2115
24.0450000477,2.149
24.0500000477,2.2115
24.0550000477,2.2115
24.0600000477,2.2115
24.0650000477,2.2115
24.0700000477,2.149
24.0750000477,2.2115
24.0800000477,2.149
24.0850000477,2.149
24.0900000477,2.149
24.0950000477,2.2115
24.1000000477,2.2115
24.1050000477,2.0865
24.1100000477,2.274
24.1150000477,2.2115
24.1200000477,2.2115
24.1250000477,2.2115
24.1300000477,2.149
24.1350000477,2.2115
24.1400000477,2.2115
24.1450000477,2.274
24.1500000477,2.2115
24.1550000477,2.2115
24.1600000477,2.2115
24.1650000477,2.274
24.1700000477,2.149
24.1750000477,2.149
24.1800000477,2.149
24.1850000477,2.0865
24.1900000477,2.149
24.1950000477,2.2115
24.2000000477,2.2115
24.2050000477,2.274
24.2100000477,2.2115
24.2150000477,2.2115
24.2200000477,2.149
24.2250000477,2.149
24.2300000477,2.2115
24.2350000477,2.274
24.2400000477,2.149
24.2450000477,2.2115
24.2500000477,2.149
24.2550000477,2.149
24.2600000477,2.274
24.2650000477,2.274
24.2700000477,2.024
24.2750000477,2.274
24.2800000477,2.2115
24.2850000477,2.274
24.2900000477,2.2115
24.2950000477,2.274
24.3000000477,2.2115
24.3050000477,2.149
24.3100000477,2.149
24.3150000477,2.274
24.3200000477,2.3365
24.3250000477,2.149
24.3300000477,2.2115
24.3350000477,2.2115
24.3400000477,2.149
24.3450000477,2.2115
24.3500000477,2.149
24.3550000477,2.3365
24.3600000477,2.2115
24.3650000477,2.274
24.3700000477,2.2115
24.3750000477,2.0865
24.3800000477,2.2115
24.3850000477,2.274
24.3900000477,2.149
24.3950000477,2.2115
24.4000000477,2.149
24.4050000477,2.2115
24.4100000477,2.149
24.4150000477,2.2115
24.4200000477,2.149
24.4250000477,2.2115
24.4300000477,2.274
24.4350000477,2.2115
24.4400000477,2.149
24.4450000477,2.2115
24.4500000477,2.149
24.4550000477,2.274
24.4600000477,2.2115
24.4650000477,2.2115
24.4700000477,2.274
24.4750000477,2.2115
24.4800000477,2.0865
24.4850000477,2.0865
24.4900000477,2.149
24.4950000477,2.149
24.5000000477,2.149
24.5050000477,2.274
24.5100000477,2.149
24.5150000477,2.2115
24.5200000477,2.2115
24.5250000477,2.274
24.5300000477,2.149
24.5350000477,2.0865
24.5400000477,2.2115
24.5450000477,2.2115
24.5500000477,2.149
24.5550000477,2.2115
24.5600000477,2.274
24.5650000477,2.0865
24.5700000477,2.2115
24.5750000477,2.2115
24.5800000477,2.149
24.5850000477,2.274
24.5900000477,2.2115
24.5950000477,2.149
24.6000000477,2.274
24.6050000477,2.2115
24.6100000477,2.274
24.6150000477,2.274
24.6200000477,2.2115
24.6250000477,2.2115
24.6300000477,2.149
24.6350000477,2.2115
24.6400000477,2.2115
24.6450000477,2.149
24.6500000477,2.274
24.6550000477,2.2115
24.6600000477,2.2115
24.6650000477,2.274
24.6700000477,2.0865
24.6750000477,2.149
24.6800000477,2.149
24.6850000477,2.2115
24.6900000477,2.149
24.6950000477,2.149
24.7000000477,2.149
24.7050000477,2.2115
24.7100000477,2.0865
24.7150000477,2.2115
24.7200000477,2.149
24.7250000477,2.0865
24.7300000477,2.149
24.7350000477,2.2115
24.7400000477,2.149
24.7450000477,2.274
24.7500000477,2.149
24.7550000477,2.149
24.7600000477,2.2115
24.7650000477,2.2115
24.7700000477,2.2115
24.7750000477,2.274
24.7800000477,2.274
24.7850000477,2.274
24.7900000477,2.274
24.7950000477,2.2115
24.8000000477,2.149
24.8050000477,2.2115
24.8100000477,2.0865
24.8150000477,2.149
24.8200000477,2.2115
24.8250000477,2.2115
24.8300000477,2.274
24.8350000477,2.2115
24.8400000477,2.149
24.8450000477,2.149
24.8500000477,2.149
24.8550000477,2.274
24.8600000477,2.2115
24.8650000477,2.2115
24.8700000477,2.274
24.8750000477,2.149
24.8800000477,2.2115
24.8850000477,2.149
24.8900000477,2.274
24.8950000477,2.149
24.9000000477,2.2115
24.9050000477,2.149
24.9100000477,2.2115
24.9150000477,2.149
24.9200000477,2.274
24.9250000477,2.2115
24.9300000477,2.149
24.9350000477,2.2115
24.9400000477,2.3365
24.9450000477,2.149
24.9500000477,2.2115
24.9550000477,2.149
24.9600000477,2.274
24.9650000477,2.2115
24.9700000477,2.2115
24.9750000477,2.2115
24.9800000477,2.0865
24.9850000477,2.274
24.9900000477,2.149
24.9950000477,2.2115
25.0000000477,2.149
25.0050000477,2.2115
25.0100000477,2.2115
25.0150000477,2.2115
25.0200000477,2.149
25.0250000477,2.149
25.0300000477,2.149
25.0350000477,2.2115
25.0400000477,2.149
25.0450000477,2.3365
25.0500000477,2.2115
25.0550000477,2.2115
25.0600000477,2.0865
25.0650000477,2.0865
25.0700000477,2.2115
25.0750000477,2.2115
25.0800000477,2.274
25.0850000477,2.149
25.0900000477,2.2115
25.0950000477,2.2115
25.1000000477,2.2115
25.1050000477,2.149
25.1100000477,2.149
25.1150000477,2.149
25.1200000477,2.2115
25.1250000477,2.149
25.1300000477,2.2115
25.1350000477,2.2115
25.1400000477,2.149
25.1450000477,2.149
25.1500000477,2.149
25.1550000477,2.149
25.1600000477,2.3365
25.1650000477,2.2115
25.1700000477,2.0865
25.1750000477,2.0865
25.1800000477,2.2115
25.1850000477,2.274
25.1900000477,2.149
25.1950000477,2.2115
25.2000000477,2.0865
25.2050000477,2.2115
25.2100000477,2.149
25.2150000477,2.2115
25.2200000477,2.2115
25.2250000477,2.2115
25.2300000477,2.2115
25.2350000477,2.149
25.2400000477,2.149
25.2450000477,2.2115
25.2500000477,2.2115
25.2550000477,2.2115
25.2600000477,2.274
25.2650000477,2.2115
25.2700000477,2.149
25.2750000477,2.149
25.2800000477,2.2115
25.2850000477,2.149
25.2900000477,2.2115
25.2950000477,2.2115
25.3000000477,2.149
25.3050000477,2.2115
25.3100000477,2.274
25.3150000477,2.2115
25.3200000477,2.3365
25.3250000477,2.2115
25.3300000477,2.149
25.3350000477,2.2115
25.3400000477,2.149
25.3450000477,2.274
25.3500000477,2.149
25.3550000477,2.149
25.3600000477,2.3365
25.3650000477,2.274
25.3700000477,2.274
25.3750000477,2.274
25.3800000477,2.024
25.3850000477,2.2115
25.3900000477,2.149
25.3950000477,2.149
25.4000000477,2.0865
25.4050000477,2.149
25.4100000477,2.149
25.4150000477,2.274
25.4200000477,2.2115
25.4250000477,2.2115
25.4300000477,2.2115
25.4350000477,2.149
25.4400000477,2.274
25.4450000477,2.2115
25.4500000477,2.2115
25.4550000477,2.0865
25.4600000477,2.2115
25.4650000477,2.274
25.4700000477,2.274
25.4750000477,2.2115
25.4800000477,2.149
25.4850000477,2.149
25.4900000477,2.2115
25.4950000477,2.149
25.5000000477,2.2115
25.5050000477,2.274
25.5100000477,2.2115
25.5150000477,2.2115
25.5200000477,2.149
25.5250000477,2.274
25.5300000477,2.274
25.5350000477,2.0865
25.5400000477,2.2115
25.5450000477,2.2115
25.5500000477,2.2115
25.5550000477,2.2115
25.5600000477,2.2115
25.5650000477,2.2115
25.5700000477,2.2115
25.5750000477,2.149
25.5800000477,2.274
25.5850000477,2.0865
25.5900000477,2.274
25.5950000477,2.149
25.6000000477,2.2115
25.6050000477,2.2115
25.6100000477,2.2115
25.6150000477,2.149
25.6200000477,2.2115
25.6250000477,2.2115
25.6300000477,2.2115
25.6350000477,2.2115
25.6400000477,2.149
25.6450000477,2.274
25.6500000477,2.149
25.6550000477,2.149
25.6600000477,2.2115
25.6650000477,2.274
25.6700000477,2.2115
25.6750000477,2.149
25.6800000477,2.149
25.6850000477,2.2115
25.6900000477,2.274
25.6950000477,2.024
25.7000000477,2.2115
25.7050000477,2.0865
25.7100000477,2.2115
25.7150000477,2.2115
25.7200000477,2.2115
25.7250000477,2.0865
25.7300000477,2.2115
25.7350000477,2.2115
25.7400000477,2.149
25.7450000477,2.2115
25.7500000477,2.149
25.7550000477,2.2115
25.7600000477,2.149
25.7650000477,2.274
25.7700000477,2.2115
25.7750000477,2.2115
25.7800000477,2.3365
25.7850000477,2.2115
25.7900000477,2.2115
25.7950000477,2.149
25.8000000477,2.149
25.8050000477,2.2115
25.8100000477,2.149
25.8150000477,2.0865
25.8200000477,2.2115
25.8250000477,2.0865
25.8300000477,2.274
25.8350000477,2.149
25.8400000477,2.2115
25.8450000477,2.149
25.8500000477,2.2115
25.8550000477,2.149
25.8600000477,2.2115
25.8650000477,2.274
25.8700000477,2.149
25.8750000477,2.149
25.8800000477,2.274
25.8850000477,2.149
25.8900000477,2.149
25.8950000477,2.149
25.9000000477,2.2115
25.9050000477,2.2115
25.9100000477,2.274
25.9150000477,2.2115
25.9200000477,2.2115
25.9250000477,2.2115
25.9300000477,2.274
25.9350000477,2.0865
25.9400000477,2.2115
25.9450000477,2.2115
25.9500000477,2.149
25.9550000477,2.2115
25.9600000477,2.149
25.9650000477,2.274
25.9700000477,2.274
25.9750000477,2.2115
25.9800000477,2.2115
25.9850000477,2.274
25.9900000477,2.149
25.9950000477,2.2115
26.0000000477,2.2115
26.0050000477,2.274
26.0100000477,2.2115
26.0150000477,2.274
26.0200000477,2.2115
26.0250000477,2.274
26.0300000477,2.149
26.0350000477,2.2115
26.0400000477,2.2115
26.0450000477,2.2115
26.0500000477,2.274
26.0550000477,2.274
26.0600000477,2.274
26.0650000477,2.274
26.0700000477,2.2115
26.0750000477,2.149
26.0800000477,2.0865
26.0850000477,2.2115
26.0900000477,2.2115
26.0950000477,2.149
26.1000000477,2.2115
26.1050000477,2.149
26.1100000477,2.149
26.1150000477,2.3365
26.1200000477,2.0865
26.1250000477,2.2115
26.1300000477,2.149
26.1350000477,2.2115
26.1400000477,2.274
26.1450000477,2.149
26.1500000477,2.149
26.1550000477,2.149
26.1600000477,2.2115
26.1650000477,2.0865
26.1700000477,2.2115
26.1750000477,2.2115
26.1800000477,2.274
26.1850000477,2.2115
26.1900000477,2.274
26.1950000477,2.2115
26.2000000477,2.149
26.2050000477,2.2115
26.2100000477,2.149
26.2150000477,2.274
26.2200000477,2.274
26.2250000477,2.2115
26.2300000477,2.2115
26.2350000477,2.149
26.2400000477,2.149
26.2450000477,2.274
26.2500000477,2.149
26.2550000477,2.149
26.2600000477,2.149
26.2650000477,2.274
26.2700000477,2.149
26.2750000477,2.274
26.2800000477,2.149
26.2850000477,2.149
26.2900000477,2.2115
26.2950000477,2.2115
26.3000000477,2.0865
26.3050000477,2.274
26.3100000477,2.274
26.3150000477,2.274
26.3200000477,2.274
26.3250000477,2.2115
26.3300000477,2.2115
26.3350000477,2.2115
26.3400000477,2.149
26.3450000477,2.2115
26.3500000477,2.2115
26.3550000477,2.2115
26.3600000477,2.149
26.3650000477,2.274
26.3700000477,2.0865
26.3750000477,2.149
26.3800000477,2.274
26.3850000477,2.274
26.3900000477,2.274
26.3950000477,2.2115
26.4000000477,2.149
26.4050000477,2.2115
26.4100000477,2.149
26.4150000477,2.149
26.4200000477,2.2115
26.4250000477,2.149
26.4300000477,2.3365
26.4350000477,2.149
26.4400000477,2.274
26.4450000477,2.149
26.4500000477,2.149
26.4550000477,2.2115
26.4600000477,2.149
26.4650000477,2.2115
26.4700000477,2.2115
26.4750000477,2.2115
26.4800000477,2.2115
26.4850000477,2.2115
26.4900000477,2.2115
26.4950000477,2.149
26.5000000477,2.149
26.5050000477,2.0865
26.5100000477,2.274
26.5150000477,2.2115
26.5200000477,2.2115
26.5250000477,2.149
26.5300000477,2.2115
26.5350000477,2.0865
26.5400000477,2.149
26.5450000477,2.2115
26.5500000477,2.149
26.5550000477,2.0865
26.5600000477,2.274
26.5650000477,2.2115
26.5700000477,2.149
26.5750000477,2.2115
26.5800000477,2.274
26.5850000477,2.149
26.5900000477,2.149
26.5950000477,2.2115
26.6000000477,2.0865
26.6050000477,2.274
26.6100000477,2.149
26.6150000477,2.274
26.6200000477,2.274
26.6250000477,2.149
26.6300000477,2.274
26.6350000477,2.0865
26.6400000477,2.149
26.6450000477,2.274
26.6500000477,2.2115
26.6550000477,2.149
26.6600000477,2.274
26.6650000477,2.274
26.6700000477,2.149
26.6750000477,2.2115
26.6800000477,2.2115
26.6850000477,2.149
26.6900000477,2.149
26.6950000477,2.274
26.7000000477,2.149
26.7050000477,2.149
26.7100000477,2.274
26.7150000477,2.2115
26.7200000477,2.2115
26.7250000477,2.2115
26.7300000477,2.149
26.7350000477,2.149
26.7400000477,2.2115
26.7450000477,2.2115
26.7500000477,2.274
26.7550000477,2.149
26.7600000477,2.0865
26.7650000477,2.2115
26.7700000477,2.149
26.7750000477,2.149
26.7800000477,2.2115
26.7850000477,2.149
26.7900000477,2.149
26.7950000477,2.149
26.8000000477,2.2115
26.8050000477,2.149
26.8100000477,2.149
26.8150000477,2.149
26.8200000477,2.399
26.8250000477,2.149
26.8300000477,2.149
26.8350000477,2.149
26.8400000477,2.2115
26.8450000477,2.2115
26.8500000477,2.2115
26.8550000477,2.2115
26.8600000477,2.2115
26.8650000477,2.2115
26.8700000477,2.274
26.8750000477,2.2115
26.8800000477,2.274
26.8850000477,2.274
26.8900000477,2.2115
26.8950000477,2.2115
26.9000000477,2.2115
26.9050000477,2.2115
26.9100000477,2.149
26.9150000477,2.149
26.9200000477,2.149
26.9250000477,2.149
26.9300000477,2.0865
26.9350000477,2.2115
26.9400000477,2.2115
26.9450000477,2.2115
26.9500000477,2.2115
26.9550000477,2.2115
26.9600000477,2.2115
26.9650000477,2.0865
26.9700000477,2.2115
26.9750000477,2.149
26.9800000477,2.274
26.9850000477,2.2115
26.9900000477,2.2115
26.9950000477,2.2115
27.0000000477,2.274
27.0050000477,2.149
27.0100000477,2.274
27.0150000477,2.149
27.0200000477,2.2115
27.0250000477,2.149
27.0300000477,2.2115
27.0350000477,2.274
27.0400000477,2.149
27.0450000477,2.2115
27.0500000477,2.2115
27.0550000477,2.0865
27.0600000477,2.149
27.0650000477,2.0865
27.0700000477,2.274
27.0750000477,2.274
27.0800000477,2.149
27.0850000477,2.2115
27.0900000477,2.149
27.0950000477,2.2115
27.1000000477,2.149
27.1050000477,2.2115
27.1100000477,2.2115
27.1150000477,2.274
27.1200000477,2.2115
27.1250000477,2.2115
27.1300000477,2.274
27.1350000477,2.0865
27.1400000477,2.149
27.1450000477,2.149
27.1500000477,2.2115
27.1550000477,2.3365
27.1600000477,2.2115
27.1650000477,2.2115
27.1700000477,2.149
27.1750000477,2.274
27.1800000477,2.2115
27.1850000477,2.2115
27.1900000477,2.149
27.1950000477,2.274
27.2000000477,2.149
27.2050000477,2.2115
27.2100000477,2.274
27.2150000477,2.274
27.2200000477,2.2115
27.2250000477,2.2115
27.2300000477,2.024
27.2350000477,2.0865
27.2400000477,2.149
27.2450000477,2.274
27.2500000477,2.2115
27.2550000477,2.149
27.2600000477,2.2115
27.2650000477,2.2115
27.2700000477,2.2115
27.2750000477,2.274
27.2800000477,2.274
27.2850000477,2.2115
27.2900000477,2.274
27.2950000477,2.2115
27.3000000477,2.149
27.3050000477,2.2115
27.3100000477,2.149
27.3150000477,2.2115
27.3200000477,2.2115
27.3250000477,2.149
27.3300000477,2.149
27.3350000477,2.2115
27.3400000477,2.2115
27.3450000477,2.2115
27.3500000477,2.3365
27.3550000477,2.149
27.3600000477,2.2115
27.3650000477,2.2115
27.3700000477,2.149
27.3750000477,2.274
27.3800000477,2.274
27.3850000477,2.149
27.3900000477,2.274
27.3950000477,2.149
27.4000000477,2.2115
27.4050000477,2.2115
27.4100000477,2.149
27.4150000477,2.2115
27.4200000477,2.0865
27.4250000477,2.274
27.4300000477,2.274
27.4350000477,2.149
27.4400000477,2.2115
27.4450000477,2.2115
27.4500000477,2.2115
27.4550000477,2.149
27.4600000477,2.2115
27.4650000477,2.2115
27.4700000477,2.0865
27.4750000477,2.2115
27.4800000477,2.2115
27.4850000477,2.2115
27.4900000477,2.149
27.4950000477,2.149
27.5000000477,2.2115
27.5050000477,2.149
27.5100000477,2.2115
27.5150000477,2.2115
27.5200000477,2.274
27.5250000477,2.274
27.5300000477,2.2115
27.5350000477,2.274
27.5400000477,2.149
27.5450000477,2.2115
27.5500000477,2.149
27.5550000477,2.149
27.5600000477,2.2115
27.5650000477,2.149
27.5700000477,2.0865
27.5750000477,2.0865
27.5800000477,2.274
27.5850000477,2.274
27.5900000477,2.2115
27.5950000477,2.274
27.6000000477,2.2115
27.6050000477,2.3365
27.6100000477,2.149
27.6150000477,2.274
27.6200000477,2.274
27.6250000477,2.2115
27.6300000477,2.2115
27.6350000477,2.149
27.6400000477,2.149
27.6450000477,2.149
27.6500000477,2.2115
27.6550000477,2.2115
27.6600000477,2.2115
27.6650000477,2.2115
27.6700000477,2.274
27.6750000477,2.2115
27.6800000477,2.2115
27.6850000477,2.149
27.6900000477,2.274
27.6950000477,2.274
27.7000000477,2.149
27.7050000477,2.2115
27.7100000477,2.2115
27.7150000477,2.2115
27.7200000477,2.2115
27.7250000477,2.149
27.7300000477,2.2115
27.7350000477,2.149
27.7400000477,2.2115
27.7450000477,2.274
27.7500000477,2.2115
27.7550000477,2.149
27.7600000477,2.274
27.7650000477,2.274
27.7700000477,2.2115
27.7750000477,2.149
27.7800000477,2.2115
27.7850000477,2.2115
27.7900000477,2.149
27.7950000477,2.149
27.8000000477,2.2115
27.8050000477,2.2115
27.8100000477,2.2115
27.8150000477,2.2115
27.8200000477,2.149
27.8250000477,2.0865
27.8300000477,2.2115
27.8350000477,2.149
27.8400000477,2.149
27.8450000477,2.2115
27.8500000477,2.2115
27.8550000477,2.2115
27.8600000477,2.2115
27.8650000477,2.149
27.8700000477,2.2115
27.8750000477,2.2115
27.8800000477,2.2115
27.8850000477,2.2115
27.8900000477,2.2115
27.8950000477,2.149
27.9000000477,2.2115
27.9050000477,2.274
27.9100000477,2.0865
27.9150000477,2.2115
27.9200000477,2.2115
27.9250000477,2.0865
27.9300000477,2.149
27.9350000477,2.149
27.9400000477,2.2115
27.9450000477,2.274
27.9500000477,2.2115
27.9550000477,2.274
27.9600000477,2.274
27.9650000477,2.274
27.9700000477,2.149
27.9750000477,2.2115
27.9800000477,2.149
27.9850000477,2.0865
27.9900000477,2.2115
27.9950000477,2.2115
28.0000000477,2.2115
28.0050000477,2.2115
28.0100000477,2.274
28.0150000477,2.149
28.0200000477,2.2115
28.0250000477,2.274
28.0300000477,2.149
28.0350000477,2.149
28.0400000477,2.274
28.0450000477,2.149
28.0500000477,2.149
28.0550000477,2.2115
28.0600000477,2.149
28.0650000477,2.2115
28.0700000477,2.0865
28.0750000477,2.2115
28.0800000477,2.2115
28.0850000477,2.149
28.0900000477,2.274
28.0950000477,2.274
28.1000000477,2.274
28.1050000477,2.149
28.1100000477,2.2115
28.1150000477,2.149
28.1200000477,2.274
28.1250000477,2.149
28.1300000477,2.2115
28.1350000477,2.149
28.1400000477,2.149
28.1450000477,2.2115
28.1500000477,2.274
28.1550000477,2.274
28.1600000477,2.274
28.1650000477,2.3365
28.1700000477,2.2115
28.1750000477,2.2115
28.1800000477,2.024
28.1850000477,2.2115
28.1900000477,2.2115
28.1950000477,2.2115
28.2000000477,2.2115
28.2050000477,2.2115
28.2100000477,2.274
28.2150000477,2.149
28.2200000477,2.149
28.2250000477,2.149
28.2300000477,2.2115
28.2350000477,2.274
28.2400000477,2.2115
28.2450000477,2.2115
28.2500000477,2.2115
28.2550000477,2.2115
28.2600000477,2.2115
28.2650000477,2.149
28.2700000477,2.149
28.2750000477,2.2115
28.2800000477,2.2115
28.2850000477,2.2115
28.2900000477,2.274
28.2950000477,2.149
28.3000000477,2.2115
28.3050000477,2.149
28.3100000477,2.0865
28.3150000477,2.149
28.3200000477,2.0865
28.3250000477,2.149
28.3300000477,2.149
28.3350000477,2.2115
28.3400000477,2.2115
28.3450000477,2.274
28.3500000477,2.274
28.3550000477,2.149
28.3600000477,2.2115
28.3650000477,2.0865
28.3700000477,2.149
28.3750000477,2.2115
28.3800000477,2.149
28.3850000477,2.149
28.3900000477,2.149
28.3950000477,2.2115
28.4000000477,2.149
28.4050000477,2.149
28.4100000477,2.2115
28.4150000477,2.2115
28.4200000477,2.149
28.4250000477,2.149
28.4300000477,2.274
28.4350000477,2.274
28.4400000477,2.149
28.4450000477,2.149
28.4500000477,2.274
28.4550000477,2.274
28.4600000477,2.149
28.4650000477,2.0865
28.4700000477,2.149
28.4750000477,2.0865
28.4800000477,2.0865
28.4850000477,2.274
28.4900000477,2.274
28.4950000477,2.149
28.5000000477,2.149
28.5050000477,2.2115
28.5100000477,2.149
28.5150000477,2.149
28.5200000477,2.149
28.5250000477,2.2115
28.5300000477,2.274
28.5350000477,2.2115
28.5400000477,2.2115
28.5450000477,2.149
28.5500000477,2.2115
28.5550000477,2.149
28.5600000477,2.149
28.5650000477,2.149
28.5700000477,2.2115
28.5750000477,2.274
28.5800000477,2.149
28.5850000477,2.149
28.5900000477,2.2115
28.5950000477,2.2115
28.6000000477,2.149
28.6050000477,2.149
28.6100000477,2.2115
28.6150000477,2.274
28.6200000477,2.149
28.6250000477,2.149
28.6300000477,2.274
28.6350000477,2.2115
28.6400000477,2.2115
28.6450000477,2.274
28.6500000477,2.2115
28.6550000477,2.274
28.6600000477,2.149
28.6650000477,2.274
28.6700000477,2.274
28.6750000477,2.149
28.6800000477,2.149
28.6850000477,2.149
28.6900000477,2.2115
28.6950000477,2.274
28.7000000477,2.149
28.7050000477,2.2115
28.7100000477,2.2115
28.7150000477,2.0865
28.7200000477,2.274
28.7250000477,2.2115
28.7300000477,2.2115
28.7350000477,2.2115
28.7400000477,2.2115
28.7450000477,2.274
28.7500000477,2.274
28.7550000477,2.274
28.7600000477,2.2115
28.7650000477,2.274
28.7700000477,2.274
28.7750000477,2.274
28.7800000477,2.2115
28.7850000477,2.2115
28.7900000477,2.149
28.7950000477,2.274
28.8000000477,2.0865
28.8050000477,2.149
28.8100000477,2.274
28.8150000477,2.149
28.8200000477,2.2115
28.8250000477,2.2115
28.8300000477,2.149
28.8350000477,2.2115
28.8400000477,2.2115
28.8450000477,2.2115
28.8500000477,2.2115
28.8550000477,2.274
28.8600000477,2.3365
28.8650000477,2.2115
28.8700000477,2.149
28.8750000477,2.274
28.8800000477,2.2115
28.8850000477,2.2115
28.8900000477,2.2115
28.8950000477,2.2115
28.9000000477,2.149
28.9050000477,2.2115
28.9100000477,2.2115
28.9150000477,2.2115
28.9200000477,2.2115
28.9250000477,2.149
28.9300000477,2.149
28.9350000477,2.2115
28.9400000477,2.2115
28.9450000477,2.274
28.9500000477,2.2115
28.9550000477,2.149
28.9600000477,2.2115
28.9650000477,2.2115
28.9700000477,2.3365
28.9750000477,2.2115
28.9800000477,2.0865
28.9850000477,2.2115
28.9900000477,2.149
28.9950000477,2.2115
29.0000000477,2.274
29.0050000477,2.2115
29.0100000477,2.2115
29.0150000477,2.274
29.0200000477,2.274
29.0250000477,2.2115
29.0300000477,2.2115
29.0350000477,2.2115
29.0400000477,2.2115
29.0450000477,2.3365
29.0500000477,2.2115
29.0550000477,2.2115
29.0600000477,2.149
29.0650000477,2.274
29.0700000477,2.2115
29.0750000477,2.2115
29.0800000477,2.274
29.0850000477,2.149
29.0900000477,2.2115
29.0950000477,2.2115
29.1000000477,2.0865
29.1050000477,2.149
29.1100000477,2.149
29.1150000477,2.2115
29.1200000477,2.274
29.1250000477,2.274
29.1300000477,2.2115
29.1350000477,2.149
29.1400000477,2.149
29.1450000477,2.149
29.1500000477,2.274
29.1550000477,2.2115
29.1600000477,2.2115
29.1650000477,2.0865
29.1700000477,2.2115
29.1750000477,2.149
29.1800000477,2.274
29.1850000477,2.2115
29.1900000477,2.2115
29.1950000477,2.2115
29.2000000477,2.2115
29.2050000477,2.2115
29.2100000477,2.2115
29.2150000477,2.274
29.2200000477,2.274
29.2250000477,2.2115
29.2300000477,2.0865
29.2350000477,2.2115
29.2400000477,2.274
29.2450000477,2.274
29.2500000477,2.274
29.2550000477,2.2115
29.2600000477,2.149
29.2650000477,2.2115
29.2700000477,2.274
29.2750000477,2.2115
29.2800000477,2.2115
29.2850000477,2.149
29.2900000477,2.2115
29.2950000477,2.149
29.3000000477,2.2115
29.3050000477,2.2115
29.3100000477,2.149
29.3150000477,2.3365
29.3200000477,2.2115
29.3250000477,2.0865
29.3300000477,2.274
29.3350000477,2.274
29.3400000477,2.2115
29.3450000477,2.2115
29.3500000477,2.274
29.3550000477,2.274
29.3600000477,2.149
29.3650000477,2.2115
29.3700000477,2.2115
29.3750000477,2.149
29.3800000477,2.274
29.3850000477,2.149
29.3900000477,2.2115
29.3950000477,2.2115
29.4000000477,2.2115
29.4050000477,2.0865
29.4100000477,2.2115
29.4150000477,2.149
29.4200000477,2.149
29.4250000477,2.274
29.4300000477,2.149
29.4350000477,2.0865
29.4400000477,2.2115
29.4450000477,2.2115
29.4500000477,2.2115
29.4550000477,2.2115
29.4600000477,2.2115
29.4650000477,2.2115
29.4700000477,2.2115
29.4750000477,2.274
29.4800000477,2.274
29.4850000477,2.2115
29.4900000477,2.2115
29.4950000477,2.149
29.5000000477,2.3365
29.5050000477,2.2115
29.5100000477,2.2115
29.5150000477,2.2115
29.5200000477,2.149
29.5250000477,2.274
29.5300000477,2.2115
29.5350000477,2.274
29.5400000477,2.2115
29.5450000477,2.2115
29.5500000477,2.274
29.5550000477,2.149
29.5600000477,2.2115
29.5650000477,2.149
29.5700000477,2.2115
29.5750000477,2.0865
29.5800000477,2.149
29.5850000477,2.274
29.5900000477,2.149
29.5950000477,2.149
29.6000000477,2.2115
29.6050000477,2.149
29.6100000477,2.274
29.6150000477,2.2115
29.6200000477,2.274
29.6250000477,2.149
29.6300000477,2.274
29.6350000477,2.149
29.6400000477,2.2115
29.6450000477,2.149
29.6500000477,2.2115
29.6550000477,2.274
29.6600000477,2.2115
29.6650000477,2.2115
29.6700000477,2.2115
29.6750000477,2.3365
29.6800000477,2.149
29.6850000477,2.274
29.6900000477,2.274
29.6950000477,2.2115
29.7000000477,2.149
29.7050000477,2.149
29.7100000477,2.0865
29.7150000477,2.274
29.7200000477,2.274
29.7250000477,2.149
29.7300000477,2.2115
29.7350000477,2.2115
29.7400000477,2.274
29.7450000477,2.2115
29.7500000477,2.274
29.7550000477,2.149
29.7600000477,2.149
29.7650000477,2.149
29.7700000477,2.149
29.7750000477,2.2115
29.7800000477,2.2115
29.7850000477,2.2115
29.7900000477,2.149
29.7950000477,2.2115
29.8000000477,2.274
29.8050000477,2.2115
29.8100000477,2.2115
29.8150000477,2.2115
29.8200000477,2.2115
29.8250000477,2.2115
29.8300000477,2.2115
29.8350000477,2.149
29.8400000477,2.149
29.8450000477,2.2115
29.8500000477,2.274
29.8550000477,2.2115
29.8600000477,2.3365
29.8650000477,2.2115
29.8700000477,2.0865
29.8750000477,2.2115
29.8800000477,2.149
29.8850000477,2.2115
29.8900000477,2.2115
29.8950000477,2.149
29.9000000477,2.2115
29.9050000477,2.2115
29.9100000477,2.149
29.9150000477,2.2115
29.9200000477,2.149
29.9250000477,2.2115
29.9300000477,2.274
29.9350000477,2.149
29.9400000477,2.274
29.9450000477,2.149
29.9500000477,2.3365
29.9550000477,2.024
29.9600000477,2.149
29.9650000477,2.2115
29.9700000477,2.2115
29.9750000477,2.149
29.9800000477,2.024
29.9850000477,2.149
29.9900000477,2.274
29.9950000477,2.2115
30.0000000477,2.0865
30.0050000477,2.149
30.0100000477,2.2115
30.0150000477,2.274
30.0200000477,2.274
30.0250000477,2.2115
30.0300000477,2.274
30.0350000477,2.2115
30.0400000477,2.0865
30.0450000477,2.274
30.0500000477,2.2115
30.0550000477,2.3365
30.0600000477,2.149
30.0650000477,2.149
30.0700000477,2.2115
30.0750000477,2.149
30.0800000477,2.2115
30.0850000477,2.149
30.0900000477,2.2115
30.0950000477,2.024
30.1000000477,2.149
30.1050000477,2.0865
30.1100000477,2.2115
30.1150000477,2.149
30.1200000477,2.149
30.1250000477,2.2115
30.1300000477,2.2115
30.1350000477,2.0865
30.1400000477,2.274
30.1450000477,2.0865
30.1500000477,2.2115
30.1550000477,2.274
30.1600000477,2.149
30.1650000477,2.2115
30.1700000477,2.2115
30.1750000477,2.149
30.1800000477,2.149
30.1850000477,2.274
30.1900000477,2.149
30.1950000477,2.274
30.2000000477,2.149
30.2050000477,2.149
30.2100000477,2.2115
30.2150000477,2.0865
30.2200000477,2.274
30.2250000477,2.2115
30.2300000477,2.2115
30.2350000477,2.149
30.2400000477,2.2115
30.2450000477,2.2115
30.2500000477,2.2115
30.2550000477,2.2115
30.2600000477,2.3365
30.2650000477,2.149
30.2700000477,2.2115
30.2750000477,2.2115
30.2800000477,2.274
30.2850000477,2.274
30.2900000477,2.149
30.2950000477,2.2115
30.3000000477,2.149
30.3050000477,2.274
30.3100000477,2.149
30.3150000477,2.149
30.3200000477,2.2115
30.3250000477,2.0865
30.3300000477,2.274
30.3350000477,2.149
30.3400000477,2.149
30.3450000477,2.2115
30.3500000477,2.2115
30.3550000477,2.3365
30.3600000477,2.2115
30.3650000477,2.274
30.3700000477,2.0865
30.3750000477,2.149
30.3800000477,2.149
30.3850000477,2.2115
30.3900000477,2.2115
30.3950000477,2.149
30.4000000477,2.2115
30.4050000477,2.2115
30.4100000477,2.2115
30.4150000477,2.149
30.4200000477,2.149
30.4250000477,2.274
30.4300000477,2.2115
30.4350000477,2.274
30.4400000477,2.2115
30.4450000477,2.2115
30.4500000477,2.2115
30.4550000477,2.0865
30.4600000477,2.149
30.4650000477,2.274
30.4700000477,2.2115
30.4750000477,2.274
30.4800000477,2.274
30.4850000477,2.274
30.4900000477,2.149
30.4950000477,2.2115
30.5000000477,2.274
30.5050000477,2.149
30.5100000477,2.274
30.5150000477,2.3365
30.5200000477,2.2115
30.5250000477,2.149
30.5300000477,2.274
30.5350000477,2.2115
30.5400000477,2.2115
30.5450000477,2.2115
30.5500000477,2.2115
30.5550000477,2.0865
30.5600000477,2.2115
30.5650000477,2.2115
30.5700000477,2.274
30.5750000477,2.2115
30.5800000477,2.274
30.5850000477,2.2115
30.5900000477,2.149
30.5950000477,2.0865
30.6000000477,2.149
30.6050000477,2.149
30.6100000477,2.2115
30.6150000477,2.149
30.6200000477,2.2115
30.6250000477,2.2115
30.6300000477,2.2115
30.6350000477,2.274
30.6400000477,2.274
30.6450000477,2.274
30.6500000477,2.149
30.6550000477,2.2115
30.6600000477,2.149
30.6650000477,2.274
30.6700000477,2.2115
30.6750000477,2.274
30.6800000477,2.149
30.6850000477,2.149
30.6900000477,2.274
30.6950000477,2.0865
30.7000000477,2.2115
30.7050000477,2.2115
30.7100000477,2.149
30.7150000477,2.149
30.7200000477,2.274
30.7250000477,2.2115
30.7300000477,2.274
30.7350000477,2.274
30.7400000477,2.149
30.7450000477,2.274
30.7500000477,2.149
30.7550000477,2.2115
30.7600000477,2.2115
30.7650000477,2.274
30.7700000477,2.274
30.7750000477,2.2115
30.7800000477,2.274
30.7850000477,2.2115
30.7900000477,2.2115
30.7950000477,2.2115
30.8000000477,2.274
30.8050000477,2.274
30.8100000477,2.2115
30.8150000477,2.2115
30.8200000477,2.149
30.8250000477,2.2115
30.8300000477,2.2115
30.8350000477,2.2115
30.8400000477,2.2115
30.8450000477,2.274
30.8500000477,2.2115
30.8550000477,2.149
30.8600000477,2.2115
30.8650000477,2.149
30.8700000477,2.2115
30.8750000477,2.149
30.8800000477,2.149
30.8850000477,2.149
30.8900000477,2.2115
30.8950000477,2.274
30.9000000477,2.2115
30.9050000477,2.2115
30.9100000477,2.149
30.9150000477,2.2115
30.9200000477,2.2115
30.9250000477,2.2115
30.9300000477,2.2115
30.9350000477,2.3365
30.9400000477,2.2115
30.9450000477,2.2115
30.9500000477,2.149
30.9550000477,2.2115
30.9600000477,2.149
30.9650000477,2.149
30.9700000477,2.0865
30.9750000477,2.2115
30.9800000477,2.2115
30.9850000477,2.149
30.9900000477,2.2115
30.9950000477,2.274
31.0000000477,2.2115
31.0050000477,2.149
31.0100000477,2.2115
31.0150000477,2.149
31.0200000477,2.149
31.0250000477,2.3365
31.0300000477,2.2115
31.0350000477,2.149
31.0400000477,2.149
31.0450000477,2.274
31.0500000477,2.2115
31.0550000477,2.2115
31.0600000477,2.2115
31.0650000477,2.0865
31.0700000477,2.2115
31.0750000477,2.2115
31.0800000477,2.2115
31.0850000477,2.274
31.0900000477,2.274
31.0950000477,2.149
31.1000000477,2.149
31.1050000477,2.2115
31.1100000477,2.2115
31.1150000477,2.149
31.1200000477,2.2115
31.1250000477,2.2115
31.1300000477,2.274
31.1350000477,2.2115
31.1400000477,2.2115
31.1450000477,2.2115
31.1500000477,2.149
31.1550000477,2.2115
31.1600000477,2.2115
31.1650000477,2.149
31.1700000477,2.149
31.1750000477,2.2115
31.1800000477,2.274
31.1850000477,2.0865
31.1900000477,2.274
31.1950000477,2.2115
31.2000000477,2.2115
31.2050000477,2.274
31.2100000477,2.2115
31.2150000477,2.024
31.2200000477,2.2115
31.2250000477,2.3365
31.2300000477,2.149
31.2350000477,2.149
31.2400000477,2.2115
31.2450000477,2.2115
31.2500000477,2.149
31.2550000477,2.149
31.2600000477,2.2115
31.2650000477,2.149
31.2700000477,2.2115
31.2750000477,2.2115
31.2800000477,2.2115
31.2850000477,2.2115
31.2900000477,2.274
31.2950000477,2.2115
31.3000000477,2.2115
31.3050000477,2.2115
31.3100000477,2.2115
31.3150000477,2.2115
31.3200000477,2.2115
31.3250000477,2.2115
31.3300000477,2.2115
31.3350000477,2.2115
31.3400000477,2.0865
31.3450000477,2.2115
31.3500000477,2.0865
31.3550000477,2.2115
31.3600000477,2.2115
31.3650000477,2.149
31.3700000477,2.274
31.3750000477,2.2115
31.3800000477,2.149
31.3850000477,2.2115
31.3900000477,2.0865
31.3950000477,2.2115
31.4000000477,2.149
31.4050000477,2.2115
31.4100000477,2.2115
31.4150000477,2.274
31.4200000477,2.2115
31.4250000477,2.149
31.4300000477,2.2115
31.4350000477,2.274
31.4400000477,2.2115
31.4450000477,2.149
31.4500000477,2.2115
31.4550000477,2.149
31.4600000477,2.149
31.4650000477,2.149
31.4700000477,2.149
31.4750000477,2.0865
31.4800000477,2.149
31.4850000477,2.149
31.4900000477,2.274
31.4950000477,2.149
31.5000000477,2.2115
31.5050000477,2.274
31.5100000477,2.274
31.5150000477,2.274
31.5200000477,2.2115
31.5250000477,2.149
31.5300000477,2.2115
31.5350000477,2.2115
31.5400000477,2.2115
31.5450000477,2.149
31.5500000477,2.2115
31.5550000477,2.149
31.5600000477,2.149
31.5650000477,2.2115
31.5700000477,2.274
31.5750000477,2.2115
31.5800000477,2.2115
31.5850000477,2.2115
31.5900000477,2.3365
31.5950000477,2.0865
31.6000000477,2.149
31.6050000477,2.149
31.6100000477,2.274
31.6150000477,2.2115
31.6200000477,2.3365
31.6250000477,2.149
31.6300000477,2.149
31.6350000477,2.274
31.6400000477,2.2115
31.6450000477,2.149
31.6500000477,2.2115
31.6550000477,2.2115
31.6600000477,2.149
31.6650000477,2.2115
31.6700000477,2.2115
31.6750000477,2.2115
31.6800000477,2.149
31.6850000477,2.2115
31.6900000477,2.399
31.6950000477,2.2115
31.7000000477,2.2115
31.7050000477,2.149
31.7100000477,2.2115
31.7150000477,2.149
31.7200000477,2.2115
31.7250000477,2.2115
31.7300000477,2.2115
31.7350000477,2.2115
31.7400000477,2.0865
31.7450000477,2.2115
31.7500000477,2.2115
31.7550000477,2.2115
31.7600000477,2.2115
31.7650000477,2.2115
31.7700000477,2.149
31.7750000477,2.274
31.7800000477,2.2115
31.7850000477,2.2115
31.7900000477,2.2115
31.7950000477,2.149
31.8000000477,2.149
31.8050000477,2.149
31.8100000477,2.2115
31.8150000477,2.274
31.8200000477,2.149
31.8250000477,2.0865
31.8300000477,2.274
31.8350000477,2.274
31.8400000477,2.2115
31.8450000477,2.2115
31.8500000477,2.274
31.8550000477,2.2115
31.8600000477,2.274
31.8650000477,2.0865
31.8700000477,2.2115
31.8750000477,2.2115
31.8800000477,2.2115
31.8850000477,2.2115
31.8900000477,2.2115
31.8950000477,2.2115
31.9000000477,2.2115
31.9050000477,2.2115
31.9100000477,2.149
31.9150000477,2.274
31.9200000477,2.0865
31.9250000477,2.2115
31.9300000477,2.2115
31.9350000477,2.2115
31.9400000477,2.2115
31.9450000477,2.149
31.9500000477,2.0865
31.9550000477,2.0865
31.9600000477,2.274
31.9650000477,2.2115
31.9700000477,2.2115
31.9750000477,2.274
31.9800000477,2.0865
31.9850000477,2.274
31.9900000477,2.3365
31.9950000477,2.274
32.0000000477,2.274
32.0050000477,2.2115
32.0100000477,2.274
32.0150000477,2.2115
32.0200000477,2.0865
32.0250000477,2.274
32.0300000477,2.2115
32.0350000477,2.2115
32.0400000477,2.2115
32.0450000477,2.274
32.0500000477,2.2115
32.0550000477,2.2115
32.0600000477,2.274
32.0650000477,2.2115
32.0700000477,2.149
32.0750000477,2.2115
32.0800000477,2.0865
32.0850000477,2.149
32.0900000477,2.2115
32.0950000477,2.149
32.1000000477,2.274
32.1050000477,2.3365
32.1100000477,2.2115
32.1150000477,2.274
32.1200000477,2.149
32.1250000477,2.2115
32.1300000477,2.149
32.1350000477,2.274
32.1400000477,2.274
32.1450000477,2.149
32.1500000477,2.2115
32.1550000477,2.2115
32.1600000477,2.149
32.1650000477,2.274
32.1700000477,2.3365
32.1750000477,2.149
32.1800000477,2.274
32.1850000477,2.2115
32.1900000477,2.2115
32.1950000477,2.0865
32.2000000477,2.2115
32.2050000477,2.0865
32.2100000477,2.149
32.2150000477,2.149
32.2200000477,2.274
32.2250000477,2.2115
32.2300000477,2.2115
32.2350000477,2.2115
32.2400000477,2.2115
32.2450000477,2.149
32.2500000477,2.2115
32.2550000477,2.274
32.2600000477,2.2115
32.2650000477,2.149
32.2700000477,2.149
32.2750000477,2.2115
32.2800000477,2.2115
32.2850000477,2.0865
32.2900000477,2.2115
32.2950000477,2.274
32.3000000477,2.2115
32.3050000477,2.2115
32.3100000477,2.2115
32.3150000477,2.2115
32.3200000477,2.149
32.3250000477,2.149
32.3300000477,2.274
32.3350000477,2.0865
32.3400000477,2.274
32.3450000477,2.274
32.3500000477,2.2115
32.3550000477,2.2115
32.3600000477,2.274
32.3650000477,2.2115
32.3700000477,2.2115
32.3750000477,2.2115
32.3800000477,2.149
32.3850000477,2.2115
32.3900000477,2.2115
32.3950000477,2.2115
32.4000000477,2.2115
32.4050000477,2.274
32.4100000477,2.2115
32.4150000477,2.274
32.4200000477,2.2115
32.4250000477,2.2115
32.4300000477,2.274
32.4350000477,2.149
32.4400000477,2.2115
32.4450000477,2.2115
32.4500000477,2.149
32.4550000477,2.149
32.4600000477,2.149
32.4650000477,2.2115
32.4700000477,2.149
32.4750000477,2.149
32.4800000477,2.2115
32.4850000477,2.2115
32.4900000477,2.2115
32.4950000477,2.274
32.5000000477,2.274
32.5050000477,2.274
32.5100000477,2.0865
32.5150000477,2.149
32.5200000477,2.2115
32.5250000477,2.274
32.5300000477,2.149
32.5350000477,2.149
32.5400000477,2.274
32.5450000477,2.2115
32.5500000477,2.2115
32.5550000477,2.149
32.5600000477,2.149
32.5650000477,2.2115
32.5700000477,2.274
32.5750000477,2.2115
32.5800000477,2.274
32.5850000477,2.2115
32.5900000477,2.149
32.5950000477,2.2115
32.6000000477,2.2115
32.6050000477,2.274
32.6100000477,2.274
32.6150000477,2.2115
32.6200000477,2.149
32.6250000477,2.149
32.6300000477,2.149
32.6350000477,2.2115
32.6400000477,2.149
32.6450000477,2.2115
32.6500000477,2.149
32.6550000477,2.149
32.6600000477,2.2115
32.6650000477,2.149
32.6700000477,2.149
32.6750000477,2.149
32.6800000477,2.274
32.6850000477,2.274
32.6900000477,2.274
32.6950000477,2.274
32.7000000477,2.274
32.7050000477,2.149
32.7100000477,2.274
32.7150000477,2.149
32.7200000477,2.2115
32.7250000477,2.2115
32.7300000477,2.0865
32.7350000477,2.2115
32.7400000477,2.3365
32.7450000477,2.149
32.7500000477,2.274
32.7550000477,2.149
32.7600000477,2.149
32.7650000477,2.0865
32.7700000477,2.274
32.7750000477,2.274
32.7800000477,2.2115
32.7850000477,2.274
32.7900000477,2.2115
32.7950000477,2.2115
32.8000000477,2.2115
32.8050000477,2.274
32.8100000477,2.149
32.8150000477,2.149
32.8200000477,2.0865
32.8250000477,2.2115
32.8300000477,2.2115
32.8350000477,2.149
32.8400000477,2.2115
32.8450000477,2.2115
32.8500000477,2.149
32.8550000477,2.149
32.8600000477,2.2115
32.8650000477,2.149
32.8700000477,2.149
32.8750000477,2.0865
32.8800000477,2.2115
32.8850000477,2.0865
32.8900000477,2.3365
32.8950000477,2.149
32.9000000477,2.0865
32.9050000477,2.149
32.9100000477,2.149
32.9150000477,2.149
32.9200000477,2.2115
32.9250000477,2.2115
32.9300000477,2.149
32.9350000477,2.2115
32.9400000477,2.149
32.9450000477,2.2115
32.9500000477,2.2115
32.9550000477,2.274
32.9600000477,2.274
32.9650000477,2.2115
32.9700000477,2.149
32.9750000477,2.2115
32.9800000477,2.274
32.9850000477,2.2115
32.9900000477,2.2115
32.9950000477,2.149
33.0000000477,2.149
33.0050000477,2.274
33.0100000477,2.149
33.0150000477,2.2115
33.0200000477,2.024
33.0250000477,2.149
33.0300000477,2.2115
33.0350000477,2.2115
33.0400000477,2.149
33.0450000477,2.2115
33.0500000477,2.149
33.0550000477,2.0865
33.0600000477,2.274
33.0650000477,2.149
33.0700000477,2.2115
33.0750000477,2.0865
33.0800000477,2.149
33.0850000477,2.149
33.0900000477,2.0865
33.0950000477,2.149
33.1000000477,2.149
33.1050000477,2.2115
33.1100000477,2.149
33.1150000477,2.2115
33.1200000477,2.274
33.1250000477,2.149
33.1300000477,2.149
33.1350000477,2.2115
33.1400000477,2.149
33.1450000477,2.149
33.1500000477,2.2115
33.1550000477,2.2115
33.1600000477,2.2115
33.1650000477,2.2115
33.1700000477,2.2115
33.1750000477,2.0865
33.1800000477,2.2115
33.1850000477,2.149
33.1900000477,2.149
33.1950000477,2.2115
33.2000000477,2.149
33.2050000477,2.274
33.2100000477,2.149
33.2150000477,2.149
33.2200000477,2.2115
33.2250000477,2.399
33.2300000477,2.2115
33.2350000477,2.0865
33.2400000477,2.149
33.2450000477,2.2115
33.2500000477,2.2115
33.2550000477,2.274
33.2600000477,2.149
33.2650000477,2.149
33.2700000477,2.149
33.2750000477,2.0865
33.2800000477,2.2115
33.2850000477,2.2115
33.2900000477,2.2115
33.2950000477,2.2115
33.3000000477,2.2115
33.3050000477,2.2115
33.3100000477,2.2115
33.3150000477,2.274
33.3200000477,2.149
33.3250000477,2.274
33.3300000477,2.2115
33.3350000477,2.024
33.3400000477,2.149
33.3450000477,2.2115
33.3500000477,2.2115
33.3550000477,2.2115
33.3600000477,2.2115
33.3650000477,2.149
33.3700000477,2.274
33.3750000477,2.2115
33.3800000477,2.274
33.3850000477,2.274
33.3900000477,2.2115
33.3950000477,2.149
33.4000000477,2.149
33.4050000477,2.149
33.4100000477,2.024
33.4150000477,2.2115
33.4200000477,2.149
33.4250000477,2.149
33.4300000477,2.149
33.4350000477,2.274
33.4400000477,2.2115
33.4450000477,2.2115
33.4500000477,2.149
33.4550000477,2.2115
33.4600000477,2.2115
33.4650000477,2.149
33.4700000477,2.149
33.4750000477,2.149
33.4800000477,2.149
33.4850000477,2.2115
33.4900000477,2.149
33.4950000477,2.2115
33.5000000477,2.2115
33.5050000477,2.024
33.5100000477,2.2115
33.5150000477,2.2115
33.5200000477,2.2115
33.5250000477,2.2115
33.5300000477,2.2115
33.5350000477,2.2115
33.5400000477,2.2115
33.5450000477,2.149
33.5500000477,2.2115
33.5550000477,2.2115
33.5600000477,2.274
33.5650000477,2.2115
33.5700000477,2.2115
33.5750000477,2.149
33.5800000477,2.2115
33.5850000477,2.274
33.5900000477,2.274
33.5950000477,2.2115
33.6000000477,2.2115
33.6050000477,2.2115
33.6100000477,2.2115
33.6150000477,2.149
33.6200000477,2.2115
33.6250000477,2.2115
33.6300000477,2.149
33.6350000477,2.149
33.6400000477,2.0865
33.6450000477,2.2115
33.6500000477,2.2115
33.6550000477,2.274
33.6600000477,2.2115
33.6650000477,2.149
33.6700000477,2.149
33.6750000477,2.149
33.6800000477,2.274
33.6850000477,2.149
33.6900000477,2.2115
33.6950000477,2.149
33.7000000477,2.2115
33.7050000477,2.274
33.7100000477,2.149
33.7150000477,2.149
33.7200000477,2.149
33.7250000477,2.2115
33.7300000477,2.2115
33.7350000477,2.149
33.7400000477,2.274
33.7450000477,2.0865
33.7500000477,2.0865
33.7550000477,2.2115
33.7600000477,2.149
33.7650000477,2.149
33.7700000477,2.274
33.7750000477,2.274
33.7800000477,2.2115
33.7850000477,2.149
33.7900000477,2.2115
33.7950000477,2.2115
33.8000000477,2.2115
33.8050000477,2.2115
33.8100000477,2.2115
33.8150000477,2.2115
33.8200000477,2.2115
33.8250000477,2.149
33.8300000477,2.149
33.8350000477,2.149
33.8400000477,2.274
33.8450000477,2.149
33.8500000477,2.274
33.8550000477,2.2115
33.8600000477,2.149
33.8650000477,2.0865
33.8700000477,2.274
33.8750000477,2.2115
33.8800000477,2.149
33.8850000477,2.274
33.8900000477,2.2115
33.8950000477,2.2115
33.9000000477,2.2115
33.9050000477,2.149
33.9100000477,2.2115
33.9150000477,2.2115
33.9200000477,2.0865
33.9250000477,2.149
33.9300000477,2.2115
33.9350000477,2.2115
33.9400000477,2.2115
33.9450000477,2.274
33.9500000477,2.2115
33.9550000477,2.3365
33.9600000477,2.2115
33.9650000477,2.274
33.9700000477,2.0865
33.9750000477,2.149
33.9800000477,2.149
33.9850000477,2.0865
33.9900000477,2.149
33.9950000477,2.274
34.0000000477,2.0865
34.0050000477,2.274
34.0100000477,2.2115
34.0150000477,2.2115
34.0200000477,2.2115
34.0250000477,2.274
34.0300000477,2.2115
34.0350000477,2.149
34.0400000477,2.0865
34.0450000477,2.149
34.0500000477,2.149
34.0550000477,2.149
34.0600000477,2.149
34.0650000477,2.2115
34.0700000477,2.0865
34.0750000477,2.149
34.0800000477,2.2115
34.0850000477,2.2115
34.0900000477,2.274
34.0950000477,2.149
34.1000000477,2.2115
34.1050000477,2.2115
34.1100000477,2.274
34.1150000477,2.149
34.1200000477,2.149
34.1250000477,2.2115
34.1300000477,2.149
34.1350000477,2.2115
34.1400000477,2.2115
34.1450000477,2.0865
34.1500000477,2.149
34.1550000477,2.2115
34.1600000477,2.2115
34.1650000477,2.2115
34.1700000477,2.3365
34.1750000477,2.274
34.1800000477,2.2115
34.1850000477,2.274
34.1900000477,2.274
34.1950000477,2.274
34.2000000477,2.2115
34.2050000477,2.2115
34.2100000477,2.149
34.2150000477,2.2115
34.2200000477,2.2115
34.2250000477,2.2115
34.2300000477,2.274
34.2350000477,2.274
34.2400000477,2.2115
34.2450000477,2.2115
34.2500000477,2.2115
34.2550000477,2.274
34.2600000477,2.2115
34.2650000477,2.274
34.2700000477,2.2115
34.2750000477,2.149
34.2800000477,2.2115
34.2850000477,2.2115
34.2900000477,2.2115
34.2950000477,2.2115
34.3000000477,2.274
34.3050000477,2.149
34.3100000477,2.149
34.3150000477,2.149
34.3200000477,2.2115
34.3250000477,2.149
34.3300000477,2.2115
34.3350000477,2.149
34.3400000477,2.2115
34.3450000477,2.149
34.3500000477,2.2115
34.3550000477,2.274
34.3600000477,2.0865
34.3650000477,2.274
34.3700000477,2.2115
34.3750000477,2.3365
34.3800000477,2.149
34.3850000477,2.2115
34.3900000477,2.2115
34.3950000477,2.2115
34.4000000477,2.149
34.4050000477,2.274
34.4100000477,2.2115
34.4150000477,2.2115
34.4200000477,2.274
34.4250000477,2.149
34.4300000477,2.149
34.4350000477,2.2115
34.4400000477,2.274
34.4450000477,2.274
34.4500000477,2.2115
34.4550000477,2.2115
34.4600000477,2.149
34.4650000477,2.149
34.4700000477,2.2115
34.4750000477,2.149
34.4800000477,2.2115
34.4850000477,2.2115
34.4900000477,2.274
34.4950000477,2.274
34.5000000477,2.149
34.5050000477,2.2115
34.5100000477,2.3365
34.5150000477,2.0865
34.5200000477,2.2115
34.5250000477,2.2115
34.5300000477,2.274
34.5350000477,2.2115
34.5400000477,2.274
34.5450000477,2.0865
34.5500000477,2.149
34.5550000477,2.274
34.5600000477,2.2115
34.5650000477,2.274
34.5700000477,2.149
34.5750000477,2.149
34.5800000477,2.2115
34.5850000477,2.149
34.5900000477,2.149
34.5950000477,2.2115
34.6000000477,2.149
34.6050000477,2.149
34.6100000477,2.2115
34.6150000477,2.149
34.6200000477,2.2115
34.6250000477,2.2115
34.6300000477,2.2115
34.6350000477,2.2115
34.6400000477,2.0865
34.6450000477,2.149
34.6500000477,2.2115
34.6550000477,2.2115
34.6600000477,2.2115
34.6650000477,2.0865
34.6700000477,2.149
34.6750000477,2.0865
34.6800000477,2.274
34.6850000477,2.2115
34.6900000477,2.149
34.6950000477,2.274
34.7000000477,2.2115
34.7050000477,2.274
34.7100000477,2.024
34.7150000477,2.2115
34.7200000477,2.0865
34.7250000477,2.2115
34.7300000477,2.149
34.7350000477,2.149
34.7400000477,2.149
34.7450000477,2.2115
34.7500000477,2.274
34.7550000477,2.2115
34.7600000477,2.024
34.7650000477,2.149
34.7700000477,2.149
34.7750000477,2.2115
34.7800000477,2.2115
34.7850000477,2.274
34.7900000477,2.149
34.7950000477,2.2115
34.8000000477,2.274
34.8050000477,2.274
34.8100000477,2.149
34.8150000477,2.2115
34.8200000477,2.149
34.8250000477,2.274
34.8300000477,2.274
34.8350000477,2.274
34.8400000477,2.149
34.8450000477,2.2115
34.8500000477,2.2115
34.8550000477,2.149
34.8600000477,2.149
34.8650000477,2.149
34.8700000477,2.2115
34.8750000477,2.2115
34.8800000477,2.0865
34.8850000477,2.2115
34.8900000477,2.2115
34.8950000477,2.149
34.9000000477,2.0865
34.9050000477,2.274
34.9100000477,2.274
34.9150000477,2.2115
34.9200000477,2.2115
34.9250000477,2.2115
34.9300000477,2.149
34.9350000477,2.274
34.9400000477,2.2115
34.9450000477,2.2115
34.9500000477,2.149
34.9550000477,2.2115
34.9600000477,2.0865
34.9650000477,2.274
34.9700000477,2.149
34.9750000477,2.149
34.9800000477,2.2115
34.9850000477,2.274
34.9900000477,2.274
34.9950000477,2.149
35.0000000477,2.274
35.0050000477,2.2115
35.0100000477,2.0865
35.0150000477,2.2115
35.0200000477,2.274
35.0250000477,2.149
35.0300000477,2.2115
35.0350000477,2.2115
35.0400000477,2.2115
35.0450000477,2.149
35.0500000477,2.149
35.0550000477,2.0865
35.0600000477,2.2115
35.0650000477,2.274
35.0700000477,2.3365
35.0750000477,2.149
35.0800000477,2.2115
35.0850000477,2.149
35.0900000477,2.2115
35.0950000477,2.149
35.1000000477,2.274
35.1050000477,2.2115
35.1100000477,2.0865
35.1150000477,2.2115
35.1200000477,2.274
35.1250000477,2.149
35.1300000477,2.274
35.1350000477,2.2115
35.1400000477,2.2115
35.1450000477,2.149
35.1500000477,2.2115
35.1550000477,2.149
35.1600000477,2.149
35.1650000477,2.2115
35.1700000477,2.149
35.1750000477,2.2115
35.1800000477,2.2115
35.1850000477,2.2115
35.1900000477,2.2115
35.1950000477,2.149
35.2000000477,2.2115
35.2050000477,2.274
35.2100000477,2.274
35.2150000477,2.274
35.2200000477,2.149
35.2250000477,2.149
35.2300000477,2.149
35.2350000477,2.2115
35.2400000477,2.274
35.2450000477,2.274
35.2500000477,2.2115
35.2550000477,2.2115
35.2600000477,2.2115
35.2650000477,2.2115
35.2700000477,2.149
35.2750000477,2.149
35.2800000477,2.274
35.2850000477,2.274
35.2900000477,2.2115
35.2950000477,2.274
35.3000000477,2.2115
35.3050000477,2.3365
35.3100000477,2.2115
35.3150000477,2.2115
35.3200000477,2.149
35.3250000477,2.274
35.3300000477,2.149
35.3350000477,2.0865
35.3400000477,2.2115
35.3450000477,2.2115
35.3500000477,2.149
35.3550000477,2.149
35.3600000477,2.274
35.3650000477,2.274
35.3700000477,2.149
35.3750000477,2.2115
35.3800000477,2.149
35.3850000477,2.2115
35.3900000477,2.149
35.3950000477,2.2115
35.4000000477,2.2115
35.4050000477,2.149
35.4100000477,2.149
35.4150000477,2.274
35.4200000477,2.2115
35.4250000477,2.2115
35.4300000477,2.149
35.4350000477,2.149
35.4400000477,2.274
35.4450000477,2.2115
35.4500000477,2.274
35.4550000477,2.149
35.4600000477,2.2115
35.4650000477,2.2115
35.4700000477,2.2115
35.4750000477,2.274
35.4800000477,2.0865
35.4850000477,2.149
35.4900000477,2.149
35.4950000477,2.149
35.5000000477,2.2115
35.5050000477,2.149
35.5100000477,2.2115
35.5150000477,2.2115
35.5200000477,2.149
35.5250000477,2.2115
35.5300000477,2.149
35.5350000477,2.149
35.5400000477,2.2115
35.5450000477,2.274
35.5500000477,2.274
35.5550000477,2.0865
35.5600000477,2.274
35.5650000477,2.149
35.5700000477,2.149
35.5750000477,2.2115
35.5800000477,2.274
35.5850000477,2.274
35.5900000477,2.2115
35.5950000477,2.274
35.6000000477,2.2115
35.6050000477,2.149
35.6100000477,2.149
35.6150000477,2.149
35.6200000477,2.2115
35.6250000477,2.149
35.6300000477,2.274
35.6350000477,2.149
35.6400000477,2.274
35.6450000477,2.2115
35.6500000477,2.2115
35.6550000477,2.2115
35.6600000477,2.2115
35.6650000477,2.274
35.6700000477,2.149
35.6750000477,2.149
35.6800000477,2.2115
35.6850000477,2.149
35.6900000477,2.2115
35.6950000477,2.2115
35.7000000477,2.2115
35.7050000477,2.2115
35.7100000477,2.149
35.7150000477,2.274
35.7200000477,2.274
35.7250000477,2.149
35.7300000477,2.149
35.7350000477,2.149
35.7400000477,2.3365
35.7450000477,2.149
35.7500000477,2.3365
35.7550000477,2.2115
35.7600000477,2.2115
35.7650000477,2.2115
35.7700000477,2.149
35.7750000477,2.2115
35.7800000477,2.2115
35.7850000477,2.2115
35.7900000477,2.0865
35.7950000477,2.274
35.8000000477,2.2115
35.8050000477,2.0865
35.8100000477,2.0865
35.8150000477,2.2115
35.8200000477,2.2115
35.8250000477,2.274
35.8300000477,2.2115
35.8350000477,2.149
35.8400000477,2.149
35.8450000477,2.2115
35.8500000477,2.2115
35.8550000477,2.149
35.8600000477,2.2115
35.8650000477,2.149
35.8700000477,2.2115
35.8750000477,2.2115
35.8800000477,2.2115
35.8850000477,2.274
35.8900000477,2.2115
35.8950000477,2.2115
35.9000000477,2.2115
35.9050000477,2.274
35.9100000477,2.149
35.9150000477,2.2115
35.9200000477,2.0865
35.9250000477,2.149
35.9300000477,2.2115
35.9350000477,2.0865
35.9400000477,2.149
35.9450000477,2.149
35.9500000477,2.274
35.9550000477,2.149
35.9600000477,2.2115
35.9650000477,2.149
35.9700000477,2.149
35.9750000477,2.2115
35.9800000477,2.2115
35.9850000477,2.0865
35.9900000477,2.2115
35.9950000477,2.2115
36.0000000477,2.149
36.0050000477,2.274
36.0100000477,2.2115
36.0150000477,2.149
36.0200000477,2.149
36.0250000477,2.2115
36.0300000477,2.0865
36.0350000477,2.0865
36.0400000477,2.2115
36.0450000477,2.2115
36.0500000477,2.149
36.0550000477,2.2115
36.0600000477,2.2115
36.0650000477,2.274
36.0700000477,2.2115
36.0750000477,2.149
36.0800000477,2.2115
36.0850000477,2.2115
36.0900000477,2.2115
36.0950000477,2.2115
36.1000000477,2.149
36.1050000477,2.2115
36.1100000477,2.2115
36.1150000477,2.2115
36.1200000477,2.274
36.1250000477,2.2115
36.1300000477,2.274
36.1350000477,2.2115
36.1400000477,2.149
36.1450000477,2.2115
36.1500000477,2.2115
36.1550000477,2.2115
36.1600000477,2.149
36.1650000477,2.149
36.1700000477,2.149
36.1750000477,2.2115
36.1800000477,2.274
36.1850000477,2.274
36.1900000477,2.2115
36.1950000477,2.2115
36.2000000477,2.149
36.2050000477,2.2115
36.2100000477,2.2115
36.2150000477,2.2115
36.2200000477,2.2115
36.2250000477,2.2115
36.2300000477,2.149
36.2350000477,2.2115
36.2400000477,2.2115
36.2450000477,2.2115
36.2500000477,2.149
36.2550000477,2.149
36.2600000477,2.149
36.2650000477,2.2115
36.2700000477,2.2115
36.2750000477,2.2115
36.2800000477,2.149
36.2850000477,2.149
36.2900000477,2.2115
36.2950000477,2.274
36.3000000477,2.2115
36.3050000477,2.2115
36.3100000477,2.274
36.3150000477,2.149
36.3200000477,2.2115
36.3250000477,2.2115
36.3300000477,2.2115
36.3350000477,2.2115
36.3400000477,2.2115
36.3450000477,2.274
36.3500000477,2.0865
36.3550000477,2.149
36.3600000477,2.274
36.3650000477,2.274
36.3700000477,2.2115
36.3750000477,2.149
36.3800000477,2.2115
36.3850000477,2.2115
36.3900000477,2.274
36.3950000477,2.2115
36.4000000477,2.2115
36.4050000477,2.2115
36.4100000477,2.2115
36.4150000477,2.2115
36.4200000477,2.2115
36.4250000477,2.274
36.4300000477,2.149
36.4350000477,2.274
36.4400000477,2.2115
36.4450000477,2.149
36.4500000477,2.2115
36.4550000477,2.149
36.4600000477,2.2115
36.4650000477,2.149
36.4700000477,2.149
36.4750000477,2.2115
36.4800000477,2.2115
36.4850000477,2.274
36.4900000477,2.149
36.4950000477,2.2115
36.5000000477,2.2115
36.5050000477,2.149
36.5100000477,2.274
36.5150000477,2.149
36.5200000477,2.274
36.5250000477,2.2115
36.5300000477,2.149
36.5350000477,2.2115
36.5400000477,2.2115
36.5450000477,2.149
36.5500000477,2.2115
36.5550000477,2.149
36.5600000477,2.3365
36.5650000477,2.2115
36.5700000477,2.2115
36.5750000477,2.274
36.5800000477,2.149
36.5850000477,2.2115
36.5900000477,2.149
36.5950000477,2.0865
36.6000000477,2.149
36.6050000477,2.2115
36.6100000477,2.149
36.6150000477,2.149
36.6200000477,2.2115
36.6250000477,2.2115
36.6300000477,2.149
36.6350000477,2.2115
36.6400000477,2.149
36.6450000477,2.2115
36.6500000477,2.2115
36.6550000477,2.2115
36.6600000477,2.2115
36.6650000477,2.149
36.6700000477,2.274
36.6750000477,2.2115
36.6800000477,2.3365
36.6850000477,2.149
36.6900000477,2.0865
36.6950000477,2.149
36.7000000477,2.274
36.7050000477,2.149
36.7100000477,2.2115
36.7150000477,2.149
36.7200000477,2.3365
36.7250000477,2.274
36.7300000477,2.2115
36.7350000477,2.274
36.7400000477,2.2115
36.7450000477,2.274
36.7500000477,2.2115
36.7550000477,2.274
36.7600000477,2.149
36.7650000477,2.2115
36.7700000477,2.149
36.7750000477,2.2115
36.7800000477,2.2115
36.7850000477,2.149
36.7900000477,2.149
36.7950000477,2.2115
36.8000000477,2.2115
36.8050000477,2.2115
36.8100000477,2.024
36.8150000477,2.274
36.8200000477,2.0865
36.8250000477,2.2115
36.8300000477,2.149
36.8350000477,2.274
36.8400000477,2.0865
36.8450000477,2.2115
36.8500000477,2.274
36.8550000477,2.149
36.8600000477,2.274
36.8650000477,2.0865
36.8700000477,2.2115
36.8750000477,2.2115
36.8800000477,2.149
36.8850000477,2.149
36.8900000477,2.149
36.8950000477,2.149
36.9000000477,2.2115
36.9050000477,2.2115
36.9100000477,2.274
36.9150000477,2.0865
36.9200000477,2.149
36.9250000477,2.2115
36.9300000477,2.274
36.9350000477,2.149
36.9400000477,2.2115
36.9450000477,2.2115
36.9500000477,2.0865
36.9550000477,2.2115
36.9600000477,2.149
36.9650000477,2.2115
36.9700000477,2.2115
36.9750000477,2.2115
36.9800000477,2.149
36.9850000477,2.274
36.9900000477,2.0865
36.9950000477,2.2115
37.0000000477,2.149
37.0050000477,2.2115
37.0100000477,2.2115
37.0150000477,2.274
37.0200000477,2.274
37.0250000477,2.2115
37.0300000477,2.274
37.0350000477,2.2115
37.0400000477,2.2115
37.0450000477,2.2115
37.0500000477,2.274
37.0550000477,2.149
37.0600000477,2.149
37.0650000477,2.149
37.0700000477,2.274
37.0750000477,2.2115
37.0800000477,2.274
37.0850000477,2.2115
37.0900000477,2.2115
37.0950000477,2.2115
37.1000000477,2.274
37.1050000477,2.274
37.1100000477,2.2115
37.1150000477,2.2115
37.1200000477,2.0865
37.1250000477,2.149
37.1300000477,2.2115
37.1350000477,2.149
37.1400000477,2.2115
37.1450000477,2.2115
37.1500000477,2.2115
37.1550000477,2.2115
37.1600000477,2.149
37.1650000477,2.2115
37.1700000477,2.149
37.1750000477,2.149
37.1800000477,2.0865
37.1850000477,2.0865
37.1900000477,2.2115
37.1950000477,2.2115
37.2000000477,2.2115
37.2050000477,2.2115
37.2100000477,2.2115
37.2150000477,2.2115
37.2200000477,2.149
37.2250000477,2.2115
37.2300000477,2.2115
37.2350000477,2.2115
37.2400000477,2.0865
37.2450000477,2.2115
37.2500000477,2.0865
37.2550000477,2.149
37.2600000477,2.2115
37.2650000477,2.149
37.2700000477,2.0865
37.2750000477,2.2115
37.2800000477,2.2115
37.2850000477,2.2115
37.2900000477,2.2115
37.2950000477,2.2115
37.3000000477,2.149
37.3050000477,2.274
37.3100000477,2.274
37.3150000477,2.2115
37.3200000477,2.274
37.3250000477,2.149
37.3300000477,2.274
37.3350000477,2.149
37.3400000477,2.274
37.3450000477,2.274
37.3500000477,2.2115
37.3550000477,2.2115
37.3600000477,2.2115
37.3650000477,2.2115
37.3700000477,2.149
37.3750000477,2.149
37.3800000477,2.2115
37.3850000477,2.2115
37.3900000477,2.2115
37.3950000477,2.2115
37.4000000477,2.274
37.4050000477,2.149
37.4100000477,2.149
37.4150000477,2.2115
37.4200000477,2.149
37.4250000477,2.2115
37.4300000477,2.2115
37.4350000477,2.2115
37.4400000477,2.2115
37.4450000477,2.274
37.4500000477,2.0865
37.4550000477,2.2115
37.4600000477,2.274
37.4650000477,2.2115
37.4700000477,2.274
37.4750000477,2.149
37.4800000477,2.149
37.4850000477,2.149
37.4900000477,2.2115
37.4950000477,2.2115
37.5000000477,2.2115
37.5050000477,2.2115
37.5100000477,2.274
37.5150000477,2.274
37.5200000477,2.2115
37.5250000477,2.274
37.5300000477,2.2115
37.5350000477,2.2115
37.5400000477,2.3365
37.5450000477,2.149
37.5500000477,2.274
37.5550000477,2.149
37.5600000477,2.2115
37.5650000477,2.274
37.5700000477,2.2115
37.5750000477,2.149
37.5800000477,2.0865
37.5850000477,2.149
37.5900000477,2.2115
37.5950000477,2.149
37.6000000477,2.2115
37.6050000477,2.2115
37.6100000477,2.149
37.6150000477,2.2115
37.6200000477,2.149
37.6250000477,2.2115
37.6300000477,2.149
37.6350000477,2.2115
37.6400000477,2.2115
37.6450000477,2.0865
37.6500000477,2.2115
37.6550000477,2.274
37.6600000477,2.149
37.6650000477,2.274
37.6700000477,2.149
37.6750000477,2.2115
37.6800000477,2.2115
37.6850000477,2.2115
37.6900000477,2.2115
37.6950000477,2.2115
37.7000000477,2.2115
37.7050000477,2.2115
37.7100000477,2.149
37.7150000477,2.2115
37.7200000477,2.0865
37.7250000477,2.149
37.7300000477,2.2115
37.7350000477,2.2115
37.7400000477,2.274
37.7450000477,2.0865
37.7500000477,2.2115
37.7550000477,2.274
37.7600000477,2.2115
37.7650000477,2.0865
37.7700000477,2.274
37.7750000477,2.274
37.7800000477,2.274
37.7850000477,2.149
37.7900000477,2.274
37.7950000477,2.274
37.8000000477,2.2115
37.8050000477,2.149
37.8100000477,2.149
37.8150000477,2.149
37.8200000477,2.2115
37.8250000477,2.2115
37.8300000477,2.149
37.8350000477,2.2115
37.8400000477,2.2115
37.8450000477,2.149
37.8500000477,2.2115
37.8550000477,2.274
37.8600000477,2.0865
37.8650000477,2.0865
37.8700000477,2.149
37.8750000477,2.2115
37.8800000477,2.2115
37.8850000477,2.149
37.8900000477,2.2115
37.8950000477,2.149
37.9000000477,2.2115
37.9050000477,2.2115
37.9100000477,2.149
37.9150000477,2.0865
37.9200000477,2.274
37.9250000477,2.149
37.9300000477,2.2115
37.9350000477,2.149
37.9400000477,2.274
37.9450000477,2.274
37.9500000477,2.2115
37.9550000477,2.149
37.9600000477,2.274
37.9650000477,2.274
37.9700000477,2.0865
37.9750000477,2.149
37.9800000477,2.149
37.9850000477,2.2115
37.9900000477,2.2115
37.9950000477,2.2115
38.0000000477,2.2115
38.0050000477,2.2115
38.0100000477,2.2115
38.0150000477,2.2115
38.0200000477,2.149
38.0250000477,2.149
38.0300000477,2.149
38.0350000477,2.0865
38.0400000477,2.2115
38.0450000477,2.2115
38.0500000477,2.2115
38.0550000477,2.149
38.0600000477,2.149
38.0650000477,2.2115
38.0700000477,2.2115
38.0750000477,2.149
38.0800000477,2.2115
38.0850000477,2.2115
38.0900000477,2.274
38.0950000477,2.2115
38.1000000477,2.274
38.1050000477,2.149
38.1100000477,2.149
38.1150000477,2.0865
38.1200000477,2.149
38.1250000477,2.0865
38.1300000477,2.274
38.1350000477,2.274
38.1400000477,2.274
38.1450000477,2.274
38.1500000477,2.149
38.1550000477,2.274
38.1600000477,2.149
38.1650000477,2.149
38.1700000477,2.2115
38.1750000477,2.149
38.1800000477,2.2115
38.1850000477,2.2115
38.1900000477,2.2115
38.1950000477,2.149
38.2000000477,2.274
38.2050000477,2.2115
38.2100000477,2.149
38.2150000477,2.2115
38.2200000477,2.274
38.2250000477,2.2115
38.2300000477,2.2115
38.2350000477,2.0865
38.2400000477,2.274
38.2450000477,2.2115
38.2500000477,2.274
38.2550000477,2.2115
38.2600000477,2.2115
38.2650000477,2.149
38.2700000477,2.2115
38.2750000477,2.149
38.2800000477,2.2115
38.2850000477,2.149
38.2900000477,2.0865
38.2950000477,2.149
38.3000000477,2.2115
38.3050000477,2.149
38.3100000477,2.149
38.3150000477,2.149
38.3200000477,2.2115
38.3250000477,2.2115
38.3300000477,2.149
38.3350000477,2.0865
38.3400000477,2.2115
38.3450000477,2.274
38.3500000477,2.0865
38.3550000477,2.149
38.3600000477,2.149
38.3650000477,2.274
38.3700000477,2.2115
38.3750000477,2.149
38.3800000477,2.2115
38.3850000477,2.149
38.3900000477,2.2115
38.3950000477,2.3365
38.4000000477,2.2115
38.4050000477,2.149
38.4100000477,2.149
38.4150000477,2.2115
38.4200000477,2.149
38.4250000477,2.274
38.4300000477,2.2115
38.4350000477,2.2115
38.4400000477,2.2115
38.4450000477,2.149
38.4500000477,2.2115
38.4550000477,2.2115
38.4600000477,2.274
38.4650000477,2.149
38.4700000477,2.274
38.4750000477,2.274
38.4800000477,2.2115
38.4850000477,2.149
38.4900000477,2.0865
38.4950000477,2.149
38.5000000477,2.149
38.5050000477,2.2115
38.5100000477,2.2115
38.5150000477,2.149
38.5200000477,2.149
38.5250000477,2.2115
38.5300000477,2.149
38.5350000477,2.2115
38.5400000477,2.149
38.5450000477,2.2115
38.5500000477,2.3365
38.5550000477,2.274
38.5600000477,2.2115
38.5650000477,2.149
38.5700000477,2.2115
38.5750000477,2.0865
38.5800000477,2.274
38.5850000477,2.2115
38.5900000477,2.149
38.5950000477,2.2115
38.6000000477,2.2115
38.6050000477,2.274
38.6100000477,2.149
38.6150000477,2.149
38.6200000477,2.149
38.6250000477,2.274
38.6300000477,2.2115
38.6350000477,2.2115
38.6400000477,2.149
38.6450000477,2.149
38.6500000477,2.149
38.6550000477,2.149
38.6600000477,2.2115
38.6650000477,2.3365
38.6700000477,2.149
38.6750000477,2.2115
38.6800000477,2.2115
38.6850000477,2.274
38.6900000477,2.2115
38.6950000477,2.2115
38.7000000477,2.2115
38.7050000477,2.274
38.7100000477,2.149
38.7150000477,2.2115
38.7200000477,2.274
38.7250000477,2.2115
38.7300000477,2.274
38.7350000477,2.149
38.7400000477,2.274
38.7450000477,2.2115
38.7500000477,2.2115
38.7550000477,2.3365
38.7600000477,2.2115
38.7650000477,2.274
38.7700000477,2.2115
38.7750000477,2.2115
38.7800000477,2.149
38.7850000477,2.0865
38.7900000477,2.2115
38.7950000477,2.2115
38.8000000477,2.2115
38.8050000477,2.149
38.8100000477,2.274
38.8150000477,2.2115
38.8200000477,2.2115
38.8250000477,2.2115
38.8300000477,2.149
38.8350000477,2.2115
38.8400000477,2.2115
38.8450000477,2.274
38.8500000477,2.2115
38.8550000477,2.149
38.8600000477,2.149
38.8650000477,2.2115
38.8700000477,2.274
38.8750000477,2.149
38.8800000477,2.274
38.8850000477,2.2115
38.8900000477,2.274
38.8950000477,2.149
38.9000000477,2.2115
38.9050000477,2.2115
38.9100000477,2.2115
38.9150000477,2.149
38.9200000477,2.2115
38.9250000477,2.2115
38.9300000477,2.149
38.9350000477,2.149
38.9400000477,2.149
38.9450000477,2.3365
38.9500000477,2.149
38.9550000477,2.149
38.9600000477,2.2115
38.9650000477,2.2115
38.9700000477,2.0865
38.9750000477,2.274
38.9800000477,2.2115
38.9850000477,2.2115
38.9900000477,2.274
38.9950000477,2.149
39.0000000477,2.2115
39.0050000477,2.2115
39.0100000477,2.2115
39.0150000477,2.2115
39.0200000477,2.2115
39.0250000477,2.149
39.0300000477,2.274
39.0350000477,2.0865
39.0400000477,2.149
39.0450000477,2.274
39.0500000477,2.149
39.0550000477,2.274
39.0600000477,2.2115
39.0650000477,2.149
39.0700000477,2.149
39.0750000477,2.149
39.0800000477,2.2115
39.0850000477,2.149
39.0900000477,2.274
39.0950000477,2.2115
39.1000000477,2.2115
39.1050000477,2.2115
39.1100000477,2.2115
39.1150000477,2.2115
39.1200000477,2.274
39.1250000477,2.024
39.1300000477,2.149
39.1350000477,2.2115
39.1400000477,2.274
39.1450000477,2.149
39.1500000477,2.2115
39.1550000477,2.149
39.1600000477,2.149
39.1650000477,2.2115
39.1700000477,2.2115
39.1750000477,2.274
39.1800000477,2.149
39.1850000477,2.149
39.1900000477,2.149
39.1950000477,2.274
39.2000000477,2.274
39.2050000477,2.274
39.2100000477,2.2115
39.2150000477,2.2115
39.2200000477,2.2115
39.2250000477,2.2115
39.2300000477,2.274
39.2350000477,2.274
39.2400000477,2.149
39.2450000477,2.149
39.2500000477,2.2115
39.2550000477,2.149
39.2600000477,2.2115
39.2650000477,2.149
39.2700000477,2.2115
39.2750000477,2.2115
39.2800000477,2.2115
39.2850000477,2.149
39.2900000477,2.274
39.2950000477,2.274
39.3000000477,2.274
39.3050000477,2.2115
39.3100000477,2.149
39.3150000477,2.149
39.3200000477,2.2115
39.3250000477,2.149
39.3300000477,2.2115
39.3350000477,2.2115
39.3400000477,2.274
39.3450000477,2.274
39.3500000477,2.2115
39.3550000477,2.274
39.3600000477,2.274
39.3650000477,2.149
39.3700000477,2.2115
39.3750000477,2.274
39.3800000477,2.2115
39.3850000477,2.274
39.3900000477,2.2115
39.3950000477,2.274
39.4000000477,2.274
39.4050000477,2.149
39.4100000477,2.274
39.4150000477,2.2115
39.4200000477,2.2115
39.4250000477,2.149
39.4300000477,2.2115
39.4350000477,2.2115
39.4400000477,2.149
39.4450000477,2.274
39.4500000477,2.2115
39.4550000477,2.149
39.4600000477,2.0865
39.4650000477,2.274
39.4700000477,2.149
39.4750000477,2.274
39.4800000477,2.2115
39.4850000477,2.149
39.4900000477,2.2115
39.4950000477,2.274
39.5000000477,2.149
39.5050000477,2.2115
39.5100000477,2.2115
39.5150000477,2.274
39.5200000477,2.2115
39.5250000477,2.274
39.5300000477,2.2115
39.5350000477,2.0865
39.5400000477,2.274
39.5450000477,2.274
39.5500000477,2.274
39.5550000477,2.274
39.5600000477,2.2115
39.5650000477,2.149
39.5700000477,2.149
39.5750000477,2.274
39.5800000477,2.149
39.5850000477,2.274
39.5900000477,2.149
39.5950000477,2.0865
39.6000000477,2.2115
39.6050000477,2.2115
39.6100000477,2.2115
39.6150000477,2.2115
39.6200000477,2.2115
39.6250000477,2.2115
39.6300000477,2.2115
39.6350000477,2.2115
39.6400000477,2.2115
39.6450000477,2.2115
39.6500000477,2.2115
39.6550000477,2.2115
39.6600000477,2.149
39.6650000477,2.2115
39.6700000477,2.149
39.6750000477,2.149
39.6800000477,2.2115
39.6850000477,2.274
39.6900000477,2.2115
39.6950000477,2.149
39.7000000477,2.0865
39.7050000477,2.149
39.7100000477,2.2115
39.7150000477,2.274
39.7200000477,2.274
39.7250000477,2.2115
39.7300000477,2.149
39.7350000477,2.149
39.7400000477,2.2115
39.7450000477,2.0865
39.7500000477,2.149
39.7550000477,2.2115
39.7600000477,2.2115
39.7650000477,2.0865
39.7700000477,2.274
39.7750000477,2.3365
39.7800000477,2.2115
39.7850000477,2.274
39.7900000477,2.274
39.7950000477,2.149
39.8000000477,2.149
39.8050000477,2.2115
39.8100000477,2.149
39.8150000477,2.2115
39.8200000477,2.2115
39.8250000477,2.2115
39.8300000477,2.274
39.8350000477,2.2115
39.8400000477,2.149
39.8450000477,2.149
39.8500000477,2.149
39.8550000477,2.2115
39.8600000477,2.149
39.8650000477,2.2115
39.8700000477,2.274
39.8750000477,2.2115
39.8800000477,2.2115
39.8850000477,2.149
39.8900000477,2.149
39.8950000477,2.149
39.9000000477,2.2115
39.9050000477,2.274
39.9100000477,2.149
39.9150000477,2.2115
39.9200000477,2.2115
39.9250000477,2.149
39.9300000477,2.149
39.9350000477,2.274
39.9400000477,2.149
39.9450000477,2.2115
39.9500000477,2.149
39.9550000477,2.0865
39.9600000477,2.149
39.9650000477,2.274
39.9700000477,2.149
39.9750000477,2.2115
39.9800000477,2.2115
39.9850000477,2.274
39.9900000477,2.274
39.9950000477,2.274
40.0000000477,2.274
40.0050000477,2.149
40.0100000477,2.274
40.0150000477,2.2115
40.0200000477,2.2115
40.0250000477,2.2115
40.0300000477,2.2115
40.0350000477,2.2115
40.0400000477,2.2115
40.0450000477,2.2115
40.0500000477,2.0865
40.0550000477,2.2115
40.0600000477,2.274
40.0650000477,2.2115
40.0700000477,2.2115
40.0750000477,2.274
40.0800000477,2.2115
40.0850000477,2.2115
40.0900000477,2.2115
40.0950000477,2.274
40.1000000477,2.274
40.1050000477,2.149
40.1100000477,2.2115
40.1150000477,2.149
40.1200000477,2.2115
40.1250000477,2.2115
40.1300000477,2.0865
40.1350000477,2.2115
40.1400000477,2.2115
40.1450000477,2.149
40.1500000477,2.149
40.1550000477,2.149
40.1600000477,2.2115
40.1650000477,2.149
40.1700000477,2.2115
40.1750000477,2.0865
40.1800000477,2.2115
40.1850000477,2.2115
40.1900000477,2.274
40.1950000477,2.2115
40.2000000477,2.149
40.2050000477,2.274
40.2100000477,2.274
40.2150000477,2.2115
40.2200000477,2.149
40.2250000477,2.274
40.2300000477,2.274
40.2350000477,2.2115
40.2400000477,2.2115
40.2450000477,2.2115
40.2500000477,2.3365
40.2550000477,2.2115
40.2600000477,2.274
40.2650000477,2.2115
40.2700000477,2.2115
40.2750000477,2.0865
40.2800000477,2.149
40.2850000477,2.149
40.2900000477,2.2115
40.2950000477,2.2115
40.3000000477,2.2115
40.3050000477,2.2115
40.3100000477,2.2115
40.3150000477,2.274
40.3200000477,2.2115
40.3250000477,2.2115
40.3300000477,2.149
40.3350000477,2.274
40.3400000477,2.2115
40.3450000477,2.149
40.3500000477,2.0865
40.3550000477,2.0865
40.3600000477,2.2115
40.3650000477,2.274
40.3700000477,2.2115
40.3750000477,2.149
40.3800000477,2.2115
40.3850000477,2.274
40.3900000477,2.149
40.3950000477,2.149
40.4000000477,2.149
40.4050000477,2.149
40.4100000477,2.2115
40.4150000477,2.2115
40.4200000477,2.149
40.4250000477,2.0865
40.4300000477,2.2115
40.4350000477,2.149
40.4400000477,2.2115
40.4450000477,2.2115
40.4500000477,2.2115
40.4550000477,2.149
40.4600000477,2.149
40.4650000477,2.274
40.4700000477,2.149
40.4750000477,2.274
40.4800000477,2.2115
40.4850000477,2.2115
40.4900000477,2.149
40.4950000477,2.2115
40.5000000477,2.149
40.5050000477,2.2115
40.5100000477,2.274
40.5150000477,2.0865
40.5200000477,2.149
40.5250000477,2.149
40.5300000477,2.2115
40.5350000477,2.2115
40.5400000477,2.2115
40.5450000477,2.2115
40.5500000477,2.2115
40.5550000477,2.2115
40.5600000477,2.149
40.5650000477,2.149
40.5700000477,2.149
40.5750000477,2.149
40.5800000477,2.274
40.5850000477,2.2115
40.5900000477,2.2115
40.5950000477,2.2115
40.6000000477,2.2115
40.6050000477,2.2115
40.6100000477,2.2115
40.6150000477,2.274
40.6200000477,2.2115
40.6250000477,2.149
40.6300000477,2.274
40.6350000477,2.149
40.6400000477,2.2115
40.6450000477,2.2115
40.6500000477,2.0865
40.6550000477,2.2115
40.6600000477,2.274
40.6650000477,2.274
40.6700000477,2.149
40.6750000477,2.2115
40.6800000477,2.2115
40.6850000477,2.2115
40.6900000477,2.3365
40.6950000477,2.149
40.7000000477,2.149
40.7050000477,2.149
40.7100000477,2.149
40.7150000477,2.149
40.7200000477,2.274
40.7250000477,2.2115
40.7300000477,2.2115
40.7350000477,2.2115
40.7400000477,2.274
40.7450000477,2.0865
40.7500000477,2.149
40.7550000477,2.2115
40.7600000477,2.3365
40.7650000477,2.274
40.7700000477,2.2115
40.7750000477,2.149
40.7800000477,2.274
40.7850000477,2.2115
40.7900000477,2.2115
40.7950000477,2.2115
40.8000000477,2.149
40.8050000477,2.2115
40.8100000477,2.2115
40.8150000477,2.2115
40.8200000477,2.2115
40.8250000477,2.2115
40.8300000477,2.2115
40.8350000477,2.0865
40.8400000477,2.2115
40.8450000477,2.149
40.8500000477,2.274
40.8550000477,2.2115
40.8600000477,2.274
40.8650000477,2.2115
40.8700000477,2.274
40.8750000477,2.2115
40.8800000477,2.149
40.8850000477,2.2115
40.8900000477,2.2115
40.8950000477,2.149
40.9000000477,2.0865
40.9050000477,2.274
40.9100000477,2.274
40.9150000477,2.2115
40.9200000477,2.274
40.9250000477,2.2115
40.9300000477,2.149
40.9350000477,2.149
40.9400000477,2.274
40.9450000477,2.274
40.9500000477,2.2115
40.9550000477,2.3365
40.9600000477,2.274
40.9650000477,2.2115
40.9700000477,2.2115
40.9750000477,2.149
40.9800000477,2.149
40.9850000477,2.274
40.9900000477,2.274
40.9950000477,2.2115
41.0000000477,2.274
41.0050000477,2.274
41.0100000477,2.274
41.0150000477,2.2115
41.0200000477,2.2115
41.0250000477,2.149
41.0300000477,2.2115
41.0350000477,2.149
41.0400000477,2.149
41.0450000477,2.3365
41.0500000477,2.2115
41.0550000477,2.2115
41.0600000477,2.0865
41.0650000477,2.2115
41.0700000477,2.2115
41.0750000477,2.149
41.0800000477,2.274
41.0850000477,2.274
41.0900000477,2.274
41.0950000477,2.274
41.1000000477,2.2115
41.1050000477,2.149
41.1100000477,2.2115
41.1150000477,2.2115
41.1200000477,2.2115
41.1250000477,2.2115
41.1300000477,2.0865
41.1350000477,2.2115
41.1400000477,2.149
41.1450000477,2.2115
41.1500000477,2.2115
41.1550000477,2.149
41.1600000477,2.0865
41.1650000477,2.274
41.1700000477,2.149
41.1750000477,2.149
41.1800000477,2.024
41.1850000477,2.2115
41.1900000477,2.2115
41.1950000477,2.274
41.2000000477,2.149
41.2050000477,2.0865
41.2100000477,2.2115
41.2150000477,2.149
41.2200000477,2.2115
41.2250000477,2.149
41.2300000477,2.2115
41.2350000477,2.274
41.2400000477,2.2115
41.2450000477,2.0865
41.2500000477,2.2115
41.2550000477,2.2115
41.2600000477,2.2115
41.2650000477,2.149
41.2700000477,2.274
41.2750000477,2.0865
41.2800000477,2.149
41.2850000477,2.2115
41.2900000477,2.149
41.2950000477,2.274
41.3000000477,2.0865
41.3050000477,2.0865
41.3100000477,2.149
41.3150000477,2.3365
41.3200000477,2.274
41.3250000477,2.274
41.3300000477,2.3365
41.3350000477,2.2115
41.3400000477,2.2115
41.3450000477,2.149
41.3500000477,2.2115
41.3550000477,2.274
41.3600000477,2.2115
41.3650000477,2.2115
41.3700000477,2.274
41.3750000477,2.149
41.3800000477,2.149
41.3850000477,2.2115
41.3900000477,2.274
41.3950000477,2.149
41.4000000477,2.2115
41.4050000477,2.2115
41.4100000477,2.2115
41.4150000477,2.149
41.4200000477,2.149
41.4250000477,2.149
41.4300000477,2.0865
41.4350000477,2.2115
41.4400000477,2.149
41.4450000477,2.2115
41.4500000477,2.149
41.4550000477,2.149
41.4600000477,2.2115
41.4650000477,2.2115
41.4700000477,2.2115
41.4750000477,2.2115
41.4800000477,2.274
41.4850000477,2.274
41.4900000477,2.2115
41.4950000477,2.2115
41.5000000477,2.274
41.5050000477,2.0865
41.5100000477,2.2115
41.5150000477,2.149
41.5200000477,2.149
41.5250000477,2.149
41.5300000477,2.149
41.5350000477,2.2115
41.5400000477,2.149
41.5450000477,2.149
41.5500000477,2.2115
41.5550000477,2.149
41.5600000477,2.2115
41.5650000477,2.0865
41.5700000477,2.0865
41.5750000477,2.2115
41.5800000477,2.2115
41.5850000477,2.274
41.5900000477,2.274
41.5950000477,2.2115
41.6000000477,2.149
41.6050000477,2.2115
41.6100000477,2.149
41.6150000477,2.2115
41.6200000477,2.0865
41.6250000477,2.274
41.6300000477,2.2115
41.6350000477,2.149
41.6400000477,2.149
41.6450000477,2.2115
41.6500000477,2.2115
41.6550000477,2.2115
41.6600000477,2.2115
41.6650000477,2.2115
41.6700000477,2.2115
41.6750000477,2.274
41.6800000477,2.2115
41.6850000477,2.2115
41.6900000477,2.2115
41.6950000477,2.149
41.7000000477,2.149
41.7050000477,2.274
41.7100000477,2.2115
41.7150000477,2.274
41.7200000477,2.149
41.7250000477,2.2115
41.7300000477,2.274
41.7350000477,2.149
41.7400000477,2.274
41.7450000477,2.2115
41.7500000477,2.2115
41.7550000477,2.149
41.7600000477,2.149
41.7650000477,2.2115
41.7700000477,2.274
41.7750000477,2.2115
41.7800000477,2.0865
41.7850000477,2.2115
41.7900000477,2.149
41.7950000477,2.2115
41.8000000477,2.2115
41.8050000477,2.274
41.8100000477,2.0865
41.8150000477,2.3365
41.8200000477,2.2115
41.8250000477,2.149
41.8300000477,2.2115
41.8350000477,2.2115
41.8400000477,2.2115
41.8450000477,2.2115
41.8500000477,2.274
41.8550000477,2.2115
41.8600000477,2.274
41.8650000477,2.2115
41.8700000477,2.149
41.8750000477,2.0865
41.8800000477,2.0865
41.8850000477,2.2115
41.8900000477,2.149
41.8950000477,2.2115
41.9000000477,2.274
41.9050000477,2.2115
41.9100000477,2.2115
41.9150000477,2.149
41.9200000477,2.149
41.9250000477,2.149
41.9300000477,2.2115
41.9350000477,2.2115
41.9400000477,2.2115
41.9450000477,2.149
41.9500000477,2.274
41.9550000477,2.2115
41.9600000477,2.2115
41.9650000477,2.0865
41.9700000477,2.149
41.9750000477,2.2115
41.9800000477,2.149
41.9850000477,2.2115
41.9900000477,2.274
41.9950000477,2.0865
42.0000000477,2.2115
42.0050000477,2.2115
42.0100000477,2.149
42.0150000477,2.2115
42.0200000477,2.2115
42.0250000477,2.149
42.0300000477,2.274
42.0350000477,2.149
42.0400000477,2.2115
42.0450000477,2.2115
42.0500000477,2.2115
42.0550000477,2.149
42.0600000477,2.2115
42.0650000477,2.2115
42.0700000477,2.2115
42.0750000477,2.149
42.0800000477,2.0865
42.0850000477,2.2115
42.0900000477,2.149
42.0950000477,2.2115
42.1000000477,2.274
42.1050000477,2.2115
42.1100000477,2.2115
42.1150000477,2.0865
42.1200000477,2.2115
42.1250000477,2.149
42.1300000477,2.149
42.1350000477,2.149
42.1400000477,2.274
42.1450000477,2.2115
42.1500000477,2.2115
42.1550000477,2.2115
42.1600000477,2.149
42.1650000477,2.274
42.1700000477,2.149
42.1750000477,2.149
42.1800000477,2.149
42.1850000477,2.149
42.1900000477,2.149
42.1950000477,2.149
42.2000000477,2.2115
42.2050000477,2.149
42.2100000477,2.149
42.2150000477,2.149
42.2200000477,2.274
42.2250000477,2.2115
42.2300000477,2.2115
42.2350000477,2.2115
42.2400000477,2.2115
42.2450000477,2.149
42.2500000477,2.2115
42.2550000477,2.2115
42.2600000477,2.0865
42.2650000477,2.2115
42.2700000477,2.2115
42.2750000477,2.149
42.2800000477,2.2115
42.2850000477,2.2115
42.2900000477,2.2115
42.2950000477,2.274
42.3000000477,2.2115
42.3050000477,2.274
42.3100000477,2.0865
42.3150000477,2.274
42.3200000477,2.274
42.3250000477,2.2115
42.3300000477,2.3365
42.3350000477,2.149
42.3400000477,2.2115
42.3450000477,2.2115
42.3500000477,2.149
42.3550000477,2.2115
42.3600000477,2.149
42.3650000477,2.2115
42.3700000477,2.0865
42.3750000477,2.2115
42.3800000477,2.149
42.3850000477,2.2115
42.3900000477,2.2115
42.3950000477,2.274
42.4000000477,2.149
42.4050000477,2.149
42.4100000477,2.149
42.4150000477,2.274
42.4200000477,2.149
42.4250000477,2.274
42.4300000477,2.2115
42.4350000477,2.2115
42.4400000477,2.0865
42.4450000477,2.149
42.4500000477,2.149
42.4550000477,2.2115
42.4600000477,2.2115
42.4650000477,2.2115
42.4700000477,2.2115
42.4750000477,2.274
42.4800000477,2.274
42.4850000477,2.0865
42.4900000477,2.274
42.4950000477,2.2115
42.5000000477,2.2115
42.5050000477,2.2115
42.5100000477,2.2115
42.5150000477,2.2115
42.5200000477,2.0865
42.5250000477,2.149
42.5300000477,2.149
42.5350000477,2.2115
42.5400000477,2.149
42.5450000477,2.274
42.5500000477,2.149
42.5550000477,2.2115
42.5600000477,2.274
42.5650000477,2.149
42.5700000477,2.0865
42.5750000477,2.2115
42.5800000477,2.2115
42.5850000477,2.274
42.5900000477,2.2115
42.5950000477,2.149
42.6000000477,2.274
42.6050000477,2.149
42.6100000477,2.149
42.6150000477,2.2115
42.6200000477,2.149
42.6250000477,2.2115
42.6300000477,2.2115
42.6350000477,2.2115
42.6400000477,2.2115
42.6450000477,2.274
42.6500000477,2.149
42.6550000477,2.274
42.6600000477,2.149
42.6650000477,2.2115
42.6700000477,2.0865
42.6750000477,2.2115
42.6800000477,2.149
42.6850000477,2.274
42.6900000477,2.274
42.6950000477,2.2115
42.7000000477,2.149
42.7050000477,2.2115
42.7100000477,2.274
42.7150000477,2.149
42.7200000477,2.2115
42.7250000477,2.2115
42.7300000477,2.149
42.7350000477,2.2115
42.7400000477,2.2115
42.7450000477,2.274
42.7500000477,2.274
42.7550000477,2.149
42.7600000477,2.2115
42.7650000477,2.149
42.7700000477,2.274
42.7750000477,2.149
42.7800000477,2.149
42.7850000477,2.2115
42.7900000477,2.149
42.7950000477,2.149
42.8000000477,2.0865
42.8050000477,2.0865
42.8100000477,2.149
42.8150000477,2.149
42.8200000477,2.149
42.8250000477,2.2115
42.8300000477,2.2115
42.8350000477,2.149
42.8400000477,2.274
42.8450000477,2.149
42.8500000477,2.2115
42.8550000477,2.2115
42.8600000477,2.149
42.8650000477,2.149
42.8700000477,2.149
42.8750000477,2.274
42.8800000477,2.2115
42.8850000477,2.2115
42.8900000477,2.0865
42.8950000477,2.274
42.9000000477,2.149
42.9050000477,2.0865
42.9100000477,2.149
42.9150000477,2.2115
42.9200000477,2.2115
42.9250000477,2.274
42.9300000477,2.0865
42.9350000477,2.2115
42.9400000477,2.149
42.9450000477,2.274
42.9500000477,2.149
42.9550000477,2.2115
42.9600000477,2.149
42.9650000477,2.149
42.9700000477,2.3365
42.9750000477,2.274
42.9800000477,2.149
42.9850000477,2.274
42.9900000477,2.2115
42.9950000477,2.149
43.0000000477,2.2115
43.0050000477,2.2115
43.0100000477,2.274
43.0150000477,2.0865
43.0200000477,2.149
43.0250000477,2.2115
43.0300000477,2.274
43.0350000477,2.2115
43.0400000477,2.2115
43.0450000477,2.2115
43.0500000477,2.0865
43.0550000477,2.2115
43.0600000477,2.2115
43.0650000477,2.2115
43.0700000477,2.2115
43.0750000477,2.274
43.0800000477,2.149
43.0850000477,2.274
43.0900000477,2.149
43.0950000477,2.2115
43.1000000477,2.274
43.1050000477,2.149
43.1100000477,2.2115
43.1150000477,2.2115
43.1200000477,2.2115
43.1250000477,2.274
43.1300000477,2.274
43.1350000477,2.2115
43.1400000477,2.2115
43.1450000477,2.2115
43.1500000477,2.149
43.1550000477,2.2115
43.1600000477,2.274
43.1650000477,2.2115
43.1700000477,2.149
43.1750000477,2.2115
43.1800000477,2.274
43.1850000477,2.2115
43.1900000477,2.149
43.1950000477,2.149
43.2000000477,2.274
43.2050000477,2.149
43.2100000477,2.2115
43.2150000477,2.0865
43.2200000477,2.0865
43.2250000477,2.149
43.2300000477,2.2115
43.2350000477,2.274
43.2400000477,2.2115
43.2450000477,2.274
43.2500000477,2.2115
43.2550000477,2.149
43.2600000477,2.149
43.2650000477,2.2115
43.2700000477,2.274
43.2750000477,2.274
43.2800000477,2.2115
43.2850000477,2.274
43.2900000477,2.2115
43.2950000477,2.149
43.3000000477,2.149
43.3050000477,2.149
43.3100000477,2.2115
43.3150000477,2.2115
43.3200000477,2.149
43.3250000477,2.274
43.3300000477,2.2115
43.3350000477,2.2115
43.3400000477,2.2115
43.3450000477,2.149
43.3500000477,2.149
43.3550000477,2.149
43.3600000477,2.149
43.3650000477,2.2115
43.3700000477,2.2115
43.3750000477,2.0865
43.3800000477,2.2115
43.3850000477,2.2115
43.3900000477,2.2115
43.3950000477,2.274
43.4000000477,2.274
43.4050000477,2.149
43.4100000477,2.2115
43.4150000477,2.2115
43.4200000477,2.2115
43.4250000477,2.2115
43.4300000477,2.149
43.4350000477,2.2115
43.4400000477,2.274
43.4450000477,2.2115
43.4500000477,2.149
43.4550000477,2.2115
43.4600000477,2.274
43.4650000477,2.2115
43.4700000477,2.2115
43.4750000477,2.2115
43.4800000477,2.149
43.4850000477,2.0865
43.4900000477,2.2115
43.4950000477,2.149
43.5000000477,2.2115
43.5050000477,2.274
43.5100000477,2.149
43.5150000477,2.2115
43.5200000477,2.149
43.5250000477,2.149
43.5300000477,2.2115
43.5350000477,2.2115
43.5400000477,2.149
43.5450000477,2.2115
43.5500000477,2.2115
43.5550000477,2.2115
43.5600000477,2.149
43.5650000477,2.149
43.5700000477,2.2115
43.5750000477,2.149
43.5800000477,2.149
43.5850000477,2.149
43.5900000477,2.274
43.5950000477,2.3365
43.6000000477,2.3365
43.6050000477,2.0865
43.6100000477,2.149
43.6150000477,2.2115
43.6200000477,2.2115
43.6250000477,2.2115
43.6300000477,2.149
43.6350000477,2.2115
43.6400000477,2.2115
43.6450000477,2.3365
43.6500000477,2.2115
43.6550000477,2.274
43.6600000477,2.149
43.6650000477,2.149
43.6700000477,2.149
43.6750000477,2.149
43.6800000477,2.2115
43.6850000477,2.149
43.6900000477,2.149
43.6950000477,2.149
43.7000000477,2.2115
43.7050000477,2.274
43.7100000477,2.2115
43.7150000477,2.149
43.7200000477,2.2115
43.7250000477,2.274
43.7300000477,2.2115
43.7350000477,2.274
43.7400000477,2.2115
43.7450000477,2.2115
43.7500000477,2.2115
43.7550000477,2.2115
43.7600000477,2.2115
43.7650000477,2.2115
43.7700000477,2.2115
43.7750000477,2.2115
43.7800000477,2.149
43.7850000477,2.149
43.7900000477,2.274
43.7950000477,2.274
43.8000000477,2.149
43.8050000477,2.274
43.8100000477,2.2115
43.8150000477,2.2115
43.8200000477,2.2115
43.8250000477,2.149
43.8300000477,2.3365
43.8350000477,2.274
43.8400000477,2.0865
43.8450000477,2.2115
43.8500000477,2.2115
43.8550000477,2.149
43.8600000477,2.149
43.8650000477,2.0865
43.8700000477,2.274
43.8750000477,2.2115
43.8800000477,2.274
43.8850000477,2.2115
43.8900000477,2.2115
43.8950000477,2.2115
43.9000000477,2.274
43.9050000477,2.2115
43.9100000477,2.2115
43.9150000477,2.3365
43.9200000477,2.2115
43.9250000477,2.2115
43.9300000477,2.274
43.9350000477,2.274
43.9400000477,2.2115
43.9450000477,2.149
43.9500000477,2.2115
43.9550000477,2.149
43.9600000477,2.149
43.9650000477,2.149
43.9700000477,2.149
43.9750000477,2.149
43.9800000477,2.149
43.9850000477,2.2115
43.9900000477,2.274
43.9950000477,2.274
44.0000000477,2.149
44.0050000477,2.2115
44.0100000477,2.274
44.0150000477,2.2115
44.0200000477,2.2115
44.0250000477,2.2115
44.0300000477,2.0865
44.0350000477,2.2115
44.0400000477,2.2115
44.0450000477,2.2115
44.0500000477,2.2115
44.0550000477,2.2115
44.0600000477,2.2115
44.0650000477,2.2115
44.0700000477,2.2115
44.0750000477,2.2115
44.0800000477,2.2115
44.0850000477,2.149
44.0900000477,2.149
44.0950000477,2.2115
44.1000000477,2.274
44.1050000477,2.3365
44.1100000477,2.2115
44.1150000477,2.149
44.1200000477,2.2115
44.1250000477,2.149
44.1300000477,2.2115
44.1350000477,2.2115
44.1400000477,2.2115
44.1450000477,2.2115
44.1500000477,2.274
44.1550000477,2.149
44.1600000477,2.2115
44.1650000477,2.2115
44.1700000477,2.149
44.1750000477,2.149
44.1800000477,2.2115
44.1850000477,2.149
44.1900000477,2.149
44.1950000477,2.2115
44.2000000477,2.274
44.2050000477,2.274
44.2100000477,2.149
44.2150000477,2.149
44.2200000477,2.0865
44.2250000477,2.274
44.2300000477,2.0865
44.2350000477,2.2115
44.2400000477,2.149
44.2450000477,2.149
44.2500000477,2.2115
44.2550000477,2.2115
44.2600000477,2.2115
44.2650000477,2.0865
44.2700000477,2.2115
44.2750000477,2.2115
44.2800000477,2.2115
44.2850000477,2.2115
44.2900000477,2.149
44.2950000477,2.274
44.3000000477,2.2115
44.3050000477,2.2115
44.3100000477,2.2115
44.3150000477,2.149
44.3200000477,2.2115
44.3250000477,2.2115
44.3300000477,2.149
44.3350000477,2.2115
44.3400000477,2.149
44.3450000477,2.149
44.3500000477,2.2115
44.3550000477,2.149
44.3600000477,2.2115
44.3650000477,2.149
44.3700000477,2.274
44.3750000477,2.3365
44.3800000477,2.2115
44.3850000477,2.274
44.3900000477,2.2115
44.3950000477,2.274
44.4000000477,2.2115
44.4050000477,2.2115
44.4100000477,2.274
44.4150000477,2.2115
44.4200000477,2.2115
44.4250000477,2.2115
44.4300000477,2.2115
44.4350000477,2.274
44.4400000477,2.2115
44.4450000477,2.2115
44.4500000477,2.2115
44.4550000477,2.274
44.4600000477,2.274
44.4650000477,2.149
44.4700000477,2.2115
44.4750000477,2.274
44.4800000477,2.2115
44.4850000477,2.149
44.4900000477,2.0865
44.4950000477,2.2115
44.5000000477,2.2115
44.5050000477,2.0865
44.5100000477,2.0865
44.5150000477,2.149
44.5200000477,2.149
44.5250000477,2.2115
44.5300000477,2.2115
44.5350000477,2.2115
44.5400000477,2.2115
44.5450000477,2.0865
44.5500000477,2.274
44.5550000477,2.149
44.5600000477,2.149
44.5650000477,2.2115
44.5700000477,2.2115
44.5750000477,2.2115
44.5800000477,2.2115
44.5850000477,2.2115
44.5900000477,2.2115
44.5950000477,2.274
44.6000000477,2.274
44.6050000477,2.274
44.6100000477,2.149
44.6150000477,2.0865
44.6200000477,2.149
44.6250000477,2.2115
44.6300000477,2.2115
44.6350000477,2.2115
44.6400000477,2.2115
44.6450000477,2.2115
44.6500000477,2.274
44.6550000477,2.2115
44.6600000477,2.274
44.6650000477,2.2115
44.6700000477,2.149
44.6750000477,2.2115
44.6800000477,2.274
44.6850000477,2.149
44.6900000477,2.2115
44.6950000477,2.149
44.7000000477,2.2115
44.7050000477,2.149
44.7100000477,2.0865
44.7150000477,2.2115
44.7200000477,2.274
44.7250000477,2.2115
44.7300000477,2.2115
44.7350000477,2.149
44.7400000477,2.149
44.7450000477,2.274
44.7500000477,2.149
44.7550000477,2.2115
44.7600000477,2.2115
44.7650000477,2.2115
44.7700000477,2.2115
44.7750000477,2.274
44.7800000477,2.149
44.7850000477,2.149
44.7900000477,2.3365
44.7950000477,2.149
44.8000000477,2.2115
44.8050000477,2.149
44.8100000477,2.0865
44.8150000477,2.149
44.8200000477,2.2115
44.8250000477,2.149
44.8300000477,2.274
44.8350000477,2.149
44.8400000477,2.0865
44.8450000477,2.2115
44.8500000477,2.274
44.8550000477,2.2115
44.8600000477,2.2115
44.8650000477,2.2115
44.8700000477,2.149
44.8750000477,2.0865
44.8800000477,2.274
44.8850000477,2.149
44.8900000477,2.149
44.8950000477,2.149
44.9000000477,2.274
44.9050000477,2.2115
44.9100000477,2.149
44.9150000477,2.149
44.9200000477,2.3365
44.9250000477,2.274
44.9300000477,2.274
44.9350000477,2.149
44.9400000477,2.149
44.9450000477,2.149
44.9500000477,2.149
44.9550000477,2.274
44.9600000477,2.2115
44.9650000477,2.274
44.9700000477,2.274
44.9750000477,2.149
44.9800000477,2.149
44.9850000477,2.2115
44.9900000477,2.2115
44.9950000477,2.149
45.0000000477,2.2115
45.0050000477,2.0865
45.0100000477,2.2115
45.0150000477,2.149
45.0200000477,2.149
45.0250000477,2.2115
45.0300000477,2.2115
45.0350000477,2.149
45.0400000477,2.2115
45.0450000477,2.149
45.0500000477,2.149
45.0550000477,2.3365
45.0600000477,2.149
45.0650000477,2.149
45.0700000477,2.2115
45.0750000477,2.2115
45.0800000477,2.0865
45.0850000477,2.2115
45.0900000477,2.2115
45.0950000477,2.274
45.1000000477,2.2115
45.1050000477,2.2115
45.1100000477,2.149
45.1150000477,2.149
45.1200000477,2.149
45.1250000477,2.274
45.1300000477,2.0865
45.1350000477,2.2115
45.1400000477,2.274
45.1450000477,2.2115
45.1500000477,2.274
45.1550000477,2.149
45.1600000477,2.149
45.1650000477,2.2115
45.1700000477,2.2115
45.1750000477,2.2115
45.1800000477,2.2115
45.1850000477,2.149
45.1900000477,2.2115
45.1950000477,2.2115
45.2000000477,2.2115
45.2050000477,2.0865
45.2100000477,2.149
45.2150000477,2.2115
45.2200000477,2.2115
45.2250000477,2.2115
45.2300000477,2.274
45.2350000477,2.149
45.2400000477,2.149
45.2450000477,2.2115
45.2500000477,2.149
45.2550000477,2.2115
45.2600000477,2.274
45.2650000477,2.274
45.2700000477,2.2115
45.2750000477,2.274
45.2800000477,2.274
45.2850000477,2.149
45.2900000477,2.149
45.2950000477,2.149
45.3000000477,2.274
45.3050000477,2.0865
45.3100000477,2.2115
45.3150000477,2.274
45.3200000477,2.149
45.3250000477,2.2115
45.3300000477,2.274
45.3350000477,2.2115
45.3400000477,2.2115
45.3450000477,2.2115
45.3500000477,2.2115
45.3550000477,2.149
45.3600000477,2.2115
45.3650000477,2.149
45.3700000477,2.2115
45.3750000477,2.274
45.3800000477,2.2115
45.3850000477,2.2115
45.3900000477,2.2115
45.3950000477,2.149
45.4000000477,2.2115
45.4050000477,2.2115
45.4100000477,2.149
45.4150000477,2.149
45.4200000477,2.149
45.4250000477,2.2115
45.4300000477,2.2115
45.4350000477,2.2115
45.4400000477,2.149
45.4450000477,2.149
45.4500000477,2.2115
45.4550000477,2.274
45.4600000477,2.2115
45.4650000477,2.274
45.4700000477,2.2115
45.4750000477,2.2115
45.4800000477,2.274
45.4850000477,2.2115
45.4900000477,2.149
45.4950000477,2.274
45.5000000477,2.2115
45.5050000477,2.149
45.5100000477,2.274
45.5150000477,2.2115
45.5200000477,2.149
45.5250000477,2.274
45.5300000477,2.2115
45.5350000477,2.149
45.5400000477,2.2115
45.5450000477,2.2115
45.5500000477,2.3365
45.5550000477,2.2115
45.5600000477,2.2115
45.5650000477,2.274
45.5700000477,2.274
45.5750000477,2.149
45.5800000477,2.2115
45.5850000477,2.149
45.5900000477,2.2115
45.5950000477,2.149
45.6000000477,2.274
45.6050000477,2.149
45.6100000477,2.2115
45.6150000477,2.149
45.6200000477,2.0865
45.6250000477,2.149
45.6300000477,2.149
45.6350000477,2.2115
45.6400000477,2.149
45.6450000477,2.0865
45.6500000477,2.2115
45.6550000477,2.149
45.6600000477,2.274
45.6650000477,2.0865
45.6700000477,2.2115
45.6750000477,2.2115
45.6800000477,2.149
45.6850000477,2.149
45.6900000477,2.2115
45.6950000477,2.2115
45.7000000477,2.2115
45.7050000477,2.3365
45.7100000477,2.149
45.7150000477,2.149
45.7200000477,2.149
45.7250000477,2.0865
45.7300000477,2.2115
45.7350000477,2.149
45.7400000477,2.149
45.7450000477,2.149
45.7500000477,2.149
45.7550000477,2.274
45.7600000477,2.274
45.7650000477,2.2115
45.7700000477,2.2115
45.7750000477,2.2115
45.7800000477,2.149
45.7850000477,2.2115
45.7900000477,2.274
45.7950000477,2.274
45.8000000477,2.149
45.8050000477,2.2115
45.8100000477,2.2115
45.8150000477,2.274
45.8200000477,2.149
45.8250000477,2.0865
45.8300000477,2.2115
45.8350000477,2.149
45.8400000477,2.149
45.8450000477,2.2115
45.8500000477,2.0865
45.8550000477,2.274
45.8600000477,2.274
45.8650000477,2.2115
45.8700000477,2.2115
45.8750000477,2.2115
45.8800000477,2.2115
45.8850000477,2.3365
45.8900000477,2.274
45.8950000477,2.149
45.9000000477,2.2115
45.9050000477,2.2115
45.9100000477,2.149
45.9150000477,2.274
45.9200000477,2.2115
45.9250000477,2.274
45.9300000477,2.274
45.9350000477,2.149
45.9400000477,2.2115
45.9450000477,2.2115
45.9500000477,2.274
45.9550000477,2.2115
45.9600000477,2.149
45.9650000477,2.2115
45.9700000477,2.274
45.9750000477,2.2115
45.9800000477,2.2115
45.9850000477,2.149
45.9900000477,2.0865
45.9950000477,2.274
46.0000000477,2.2115
46.0050000477,2.2115
46.0100000477,2.3365
46.0150000477,2.274
46.0200000477,2.149
46.0250000477,2.274
46.0300000477,2.149
46.0350000477,2.2115
46.0400000477,2.2115
46.0450000477,2.274
46.0500000477,2.2115
46.0550000477,2.0865
46.0600000477,2.2115
46.0650000477,2.149
46.0700000477,2.149
46.0750000477,2.274
46.0800000477,2.0865
46.0850000477,2.2115
46.0900000477,2.274
46.0950000477,2.0865
46.1000000477,2.2115
46.1050000477,2.274
46.1100000477,2.2115
46.1150000477,2.2115
46.1200000477,2.2115
46.1250000477,2.149
46.1300000477,2.2115
46.1350000477,2.149
46.1400000477,2.274
46.1450000477,2.2115
46.1500000477,2.149
46.1550000477,2.274
46.1600000477,2.149
46.1650000477,2.2115
46.1700000477,2.2115
46.1750000477,2.0865
46.1800000477,2.2115
46.1850000477,2.2115
46.1900000477,2.149
46.1950000477,2.149
46.2000000477,2.149
46.2050000477,2.0865
46.2100000477,2.149
46.2150000477,2.2115
46.2200000477,2.149
46.2250000477,2.149
46.2300000477,2.274
46.2350000477,2.149
46.2400000477,2.149
46.2450000477,2.274
46.2500000477,2.149
46.2550000477,2.2115
46.2600000477,2.149
46.2650000477,2.0865
46.2700000477,2.274
46.2750000477,2.149
46.2800000477,2.149
46.2850000477,2.0865
46.2900000477,2.2115
46.2950000477,2.149
46.3000000477,2.2115
46.3050000477,2.2115
46.3100000477,2.2115
46.3150000477,2.2115
46.3200000477,2.274
46.3250000477,2.149
46.3300000477,2.149
46.3350000477,2.2115
46.3400000477,2.274
46.3450000477,2.2115
46.3500000477,2.149
46.3550000477,2.2115
46.3600000477,2.2115
46.3650000477,2.274
46.3700000477,2.2115
46.3750000477,2.2115
46.3800000477,2.2115
46.3850000477,2.274
46.3900000477,2.2115
46.3950000477,2.149
46.4000000477,2.2115
46.4050000477,2.149
46.4100000477,2.149
46.4150000477,2.2115
46.4200000477,2.149
46.4250000477,2.149
46.4300000477,2.149
46.4350000477,2.149
46.4400000477,2.274
46.4450000477,2.2115
46.4500000477,2.2115
46.4550000477,2.149
46.4600000477,2.2115
46.4650000477,2.2115
46.4700000477,2.2115
46.4750000477,2.2115
46.4800000477,2.2115
46.4850000477,2.2115
46.4900000477,2.2115
46.4950000477,2.274
46.5000000477,2.149
46.5050000477,2.2115
46.5100000477,2.2115
46.5150000477,2.274
46.5200000477,2.149
46.5250000477,2.2115
46.5300000477,2.2115
46.5350000477,2.149
46.5400000477,2.2115
46.5450000477,2.2115
46.5500000477,2.149
46.5550000477,2.2115
46.5600000477,2.149
46.5650000477,2.274
46.5700000477,2.2115
46.5750000477,2.274
46.5800000477,2.149
46.5850000477,2.149
46.5900000477,2.2115
46.5950000477,2.2115
46.6000000477,2.2115
46.6050000477,2.2115
46.6100000477,2.149
46.6150000477,2.274
46.6200000477,2.274
46.6250000477,2.149
46.6300000477,2.2115
46.6350000477,2.2115
46.6400000477,2.0865
46.6450000477,2.2115
46.6500000477,2.2115
46.6550000477,2.149
46.6600000477,2.2115
46.6650000477,2.274
46.6700000477,2.149
46.6750000477,2.149
46.6800000477,2.2115
46.6850000477,2.149
46.6900000477,2.149
46.6950000477,2.2115
46.7000000477,2.274
46.7050000477,2.2115
46.7100000477,2.2115
46.7150000477,2.0865
46.7200000477,2.2115
46.7250000477,2.149
46.7300000477,2.2115
46.7350000477,2.274
46.7400000477,2.0865
46.7450000477,2.2115
46.7500000477,2.2115
46.7550000477,2.2115
46.7600000477,2.2115
46.7650000477,2.149
46.7700000477,2.2115
46.7750000477,2.149
46.7800000477,2.274
46.7850000477,2.2115
46.7900000477,2.2115
46.7950000477,2.0865
46.8000000477,2.149
46.8050000477,2.149
46.8100000477,2.149
46.8150000477,2.2115
46.8200000477,2.149
46.8250000477,2.274
46.8300000477,2.149
46.8350000477,2.149
46.8400000477,2.2115
46.8450000477,2.274
46.8500000477,2.2115
46.8550000477,2.274
46.8600000477,2.149
46.8650000477,2.2115
46.8700000477,2.274
46.8750000477,2.149
46.8800000477,2.274
46.8850000477,2.2115
46.8900000477,2.149
46.8950000477,2.149
46.9000000477,2.149
46.9050000477,2.149
46.9100000477,2.149
46.9150000477,2.274
46.9200000477,2.2115
46.9250000477,2.2115
46.9300000477,2.2115
46.9350000477,2.149
46.9400000477,2.149
46.9450000477,2.149
46.9500000477,2.2115
46.9550000477,2.274
46.9600000477,2.0865
46.9650000477,2.0865
46.9700000477,2.149
46.9750000477,2.2115
46.9800000477,2.0865
46.9850000477,2.2115
46.9900000477,2.149
46.9950000477,2.2115
47.0000000477,2.149
47.0050000477,2.149
47.0100000477,2.274
47.0150000477,2.274
47.0200000477,2.149
47.0250000477,2.274
47.0300000477,2.2115
47.0350000477,2.2115
47.0400000477,2.0865
47.0450000477,2.2115
47.0500000477,2.149
47.0550000477,2.2115
47.0600000477,2.2115
47.0650000477,2.149
47.0700000477,2.149
47.0750000477,2.0865
47.0800000477,2.149
47.0850000477,2.0865
47.0900000477,2.2115
47.0950000477,2.149
47.1000000477,2.2115
47.1050000477,2.149
47.1100000477,2.2115
47.1150000477,2.2115
47.1200000477,2.2115
47.1250000477,2.2115
47.1300000477,2.0865
47.1350000477,2.149
47.1400000477,2.149
47.1450000477,2.149
47.1500000477,2.2115
47.1550000477,2.2115
47.1600000477,2.2115
47.1650000477,2.2115
47.1700000477,2.149
47.1750000477,2.149
47.1800000477,2.2115
47.1850000477,2.2115
47.1900000477,2.0865
47.1950000477,2.274
47.2000000477,2.2115
47.2050000477,2.149
47.2100000477,2.149
47.2150000477,2.3365
47.2200000477,2.149
47.2250000477,2.2115
47.2300000477,2.2115
47.2350000477,2.274
47.2400000477,2.2115
47.2450000477,2.2115
47.2500000477,2.149
47.2550000477,2.2115
47.2600000477,2.149
47.2650000477,2.2115
47.2700000477,2.0865
47.2750000477,2.274
47.2800000477,2.2115
47.2850000477,2.274
47.2900000477,2.149
47.2950000477,2.2115
47.3000000477,2.2115
47.3050000477,2.274
47.3100000477,2.2115
47.3150000477,2.149
47.3200000477,2.274
47.3250000477,2.274
47.3300000477,2.149
47.3350000477,2.274
47.3400000477,2.0865
47.3450000477,2.2115
47.3500000477,2.2115
47.3550000477,2.274
47.3600000477,2.149
47.3650000477,2.149
47.3700000477,2.149
47.3750000477,2.149
47.3800000477,2.2115
47.3850000477,2.2115
47.3900000477,2.149
47.3950000477,2.2115
47.4000000477,2.2115
47.4050000477,2.2115
47.4100000477,2.2115
47.4150000477,2.0865
47.4200000477,2.274
47.4250000477,2.274
47.4300000477,2.2115
47.4350000477,2.149
47.4400000477,2.274
47.4450000477,2.274
47.4500000477,2.2115
47.4550000477,2.2115
47.4600000477,2.274
47.4650000477,2.149
47.4700000477,2.0865
47.4750000477,2.2115
47.4800000477,2.2115
47.4850000477,2.2115
47.4900000477,2.149
47.4950000477,2.274
47.5000000477,2.149
47.5050000477,2.2115
47.5100000477,2.2115
47.5150000477,2.0865
47.5200000477,2.149
47.5250000477,2.2115
47.5300000477,2.2115
47.5350000477,2.0865
47.5400000477,2.2115
47.5450000477,2.2115
47.5500000477,2.2115
47.5550000477,2.2115
47.5600000477,2.2115
47.5650000477,2.2115
47.5700000477,2.274
47.5750000477,2.274
47.5800000477,2.2115
47.5850000477,2.274
47.5900000477,2.0865
47.5950000477,2.274
47.6000000477,2.149
47.6050000477,2.149
47.6100000477,2.0865
47.6150000477,2.2115
47.6200000477,2.149
47.6250000477,2.2115
47.6300000477,2.274
47.6350000477,2.2115
47.6400000477,2.149
47.6450000477,2.274
47.6500000477,2.2115
47.6550000477,2.149
47.6600000477,2.274
47.6650000477,2.274
47.6700000477,2.2115
47.6750000477,2.274
47.6800000477,2.2115
47.6850000477,2.2115
47.6900000477,2.274
47.6950000477,2.2115
47.7000000477,2.274
47.7050000477,2.2115
47.7100000477,2.2115
47.7150000477,2.274
47.7200000477,2.274
47.7250000477,2.149
47.7300000477,2.2115
47.7350000477,2.2115
47.7400000477,2.274
47.7450000477,2.2115
47.7500000477,2.274
47.7550000477,2.2115
47.7600000477,2.149
47.7650000477,2.2115
47.7700000477,2.149
47.7750000477,2.274
47.7800000477,2.2115
47.7850000477,2.2115
47.7900000477,2.2115
47.7950000477,2.2115
47.8000000477,2.2115
47.8050000477,2.149
47.8100000477,2.2115
47.8150000477,2.274
47.8200000477,2.149
47.8250000477,2.274
47.8300000477,2.2115
47.8350000477,2.149
47.8400000477,2.149
47.8450000477,2.149
47.8500000477,2.274
47.8550000477,2.2115
47.8600000477,2.149
47.8650000477,2.3365
47.8700000477,2.274
47.8750000477,2.2115
47.8800000477,2.2115
47.8850000477,2.2115
47.8900000477,2.0865
47.8950000477,2.149
47.9000000477,2.2115
47.9050000477,2.149
47.9100000477,2.149
47.9150000477,2.2115
47.9200000477,2.2115
47.9250000477,2.2115
47.9300000477,2.149
47.9350000477,2.2115
47.9400000477,2.2115
47.9450000477,2.2115
47.9500000477,2.274
47.9550000477,2.274
47.9600000477,2.2115
47.9650000477,2.274
47.9700000477,2.0865
47.9750000477,2.149
47.9800000477,2.2115
47.9850000477,2.2115
47.9900000477,2.2115
47.9950000477,2.149
48.0000000477,2.2115
48.0050000477,2.149
48.0100000477,2.2115
48.0150000477,2.149
48.0200000477,2.2115
48.0250000477,2.149
48.0300000477,2.2115
48.0350000477,2.2115
48.0400000477,2.149
48.0450000477,2.274
48.0500000477,2.0865
48.0550000477,2.2115
48.0600000477,2.2115
48.0650000477,2.149
48.0700000477,2.2115
48.0750000477,2.2115
48.0800000477,2.2115
48.0850000477,2.149
48.0900000477,2.149
48.0950000477,2.2115
48.1000000477,2.2115
48.1050000477,2.2115
48.1100000477,2.274
48.1150000477,2.149
48.1200000477,2.274
48.1250000477,2.149
48.1300000477,2.2115
48.1350000477,2.2115
48.1400000477,2.2115
48.1450000477,2.274
48.1500000477,2.2115
48.1550000477,2.2115
48.1600000477,2.2115
48.1650000477,2.149
48.1700000477,2.2115
48.1750000477,2.2115
48.1800000477,2.274
48.1850000477,2.2115
48.1900000477,2.2115
48.1950000477,2.149
48.2000000477,2.2115
48.2050000477,2.2115
48.2100000477,2.2115
48.2150000477,2.2115
48.2200000477,2.2115
48.2250000477,2.274
48.2300000477,2.3365
48.2350000477,2.149
48.2400000477,2.2115
48.2450000477,2.149
48.2500000477,2.3365
48.2550000477,2.0865
48.2600000477,2.2115
48.2650000477,2.2115
48.2700000477,2.2115
48.2750000477,2.0865
48.2800000477,2.274
48.2850000477,2.274
48.2900000477,2.274
48.2950000477,2.149
48.3000000477,2.149
48.3050000477,2.2115
48.3100000477,2.274
48.3150000477,2.2115
48.3200000477,2.3365
48.3250000477,2.2115
48.3300000477,2.2115
48.3350000477,2.149
48.3400000477,2.149
48.3450000477,2.149
48.3500000477,2.274
48.3550000477,2.149
48.3600000477,2.149
48.3650000477,2.149
48.3700000477,2.149
48.3750000477,2.2115
48.3800000477,2.2115
48.3850000477,2.2115
48.3900000477,2.2115
48.3950000477,2.149
48.4000000477,2.149
48.4050000477,2.149
48.4100000477,2.2115
48.4150000477,2.149
48.4200000477,2.149
48.4250000477,2.274
48.4300000477,2.274
48.4350000477,2.274
48.4400000477,2.2115
48.4450000477,2.2115
48.4500000477,2.149
48.4550000477,2.274
48.4600000477,2.2115
48.4650000477,2.149
48.4700000477,2.0865
48.4750000477,2.274
48.4800000477,2.2115
48.4850000477,2.2115
48.4900000477,2.2115
48.4950000477,2.2115
48.5000000477,2.149
48.5050000477,2.149
48.5100000477,2.2115
48.5150000477,2.149
48.5200000477,2.2115
48.5250000477,2.274
48.5300000477,2.3365
48.5350000477,2.149
48.5400000477,2.2115
48.5450000477,2.274
48.5500000477,2.2115
48.5550000477,2.149
48.5600000477,2.2115
48.5650000477,2.149
48.5700000477,2.149
48.5750000477,2.149
48.5800000477,2.2115
48.5850000477,2.2115
48.5900000477,2.274
48.5950000477,2.149
48.6000000477,2.149
48.6050000477,2.149
48.6100000477,2.274
48.6150000477,2.274
48.6200000477,2.2115
48.6250000477,2.149
48.6300000477,2.2115
48.6350000477,2.2115
48.6400000477,2.2115
48.6450000477,2.2115
48.6500000477,2.149
48.6550000477,2.274
48.6600000477,2.149
48.6650000477,2.2115
48.6700000477,2.149
48.6750000477,2.149
48.6800000477,2.149
48.6850000477,2.2115
48.6900000477,2.2115
48.6950000477,2.2115
48.7000000477,2.2115
48.7050000477,2.274
48.7100000477,2.149
48.7150000477,2.2115
48.7200000477,2.274
48.7250000477,2.0865
48.7300000477,2.274
48.7350000477,2.274
48.7400000477,2.2115
48.7450000477,2.149
48.7500000477,2.274
48.7550000477,2.274
48.7600000477,2.2115
48.7650000477,2.149
48.7700000477,2.274
48.7750000477,2.149
48.7800000477,2.2115
48.7850000477,2.2115
48.7900000477,2.149
48.7950000477,2.2115
48.8000000477,2.2115
48.8050000477,2.0865
48.8100000477,2.274
48.8150000477,2.2115
48.8200000477,2.149
48.8250000477,2.274
48.8300000477,2.2115
48.8350000477,2.2115
48.8400000477,2.2115
48.8450000477,2.149
48.8500000477,2.149
48.8550000477,2.149
48.8600000477,2.2115
48.8650000477,2.149
48.8700000477,2.149
48.8750000477,2.274
48.8800000477,2.2115
48.8850000477,2.2115
48.8900000477,2.149
48.8950000477,2.149
48.9000000477,2.2115
48.9050000477,2.274
48.9100000477,2.2115
48.9150000477,2.149
48.9200000477,2.149
48.9250000477,2.149
48.9300000477,2.149
48.9350000477,2.2115
48.9400000477,2.0865
48.9450000477,2.2115
48.9500000477,2.149
48.9550000477,2.2115
48.9600000477,2.149
48.9650000477,2.2115
48.9700000477,2.2115
48.9750000477,2.149
48.9800000477,2.2115
48.9850000477,2.2115
48.9900000477,2.274
48.9950000477,2.2115
49.0000000477,2.2115
49.0050000477,2.2115
49.0100000477,2.2115
49.0150000477,2.2115
49.0200000477,2.2115
49.0250000477,2.149
49.0300000477,2.149
49.0350000477,2.149
49.0400000477,2.3365
49.0450000477,2.149
49.0500000477,2.149
49.0550000477,2.2115
49.0600000477,2.2115
49.0650000477,2.274
49.0700000477,2.2115
49.0750000477,2.149
49.0800000477,2.274
49.0850000477,2.2115
49.0900000477,2.274
49.0950000477,2.2115
49.1000000477,2.274
49.1050000477,2.2115
49.1100000477,2.2115
49.1150000477,2.274
49.1200000477,2.149
49.1250000477,2.274
49.1300000477,2.274
49.1350000477,2.2115
49.1400000477,2.274
49.1450000477,2.2115
49.1500000477,2.274
49.1550000477,2.149
49.1600000477,2.2115
49.1650000477,2.0865
49.1700000477,2.149
49.1750000477,2.2115
49.1800000477,2.2115
49.1850000477,2.274
49.1900000477,2.149
49.1950000477,2.0865
49.2000000477,2.2115
49.2050000477,2.2115
49.2100000477,2.3365
49.2150000477,2.149
49.2200000477,2.149
49.2250000477,2.149
49.2300000477,2.2115
49.2350000477,2.2115
49.2400000477,2.2115
49.2450000477,2.2115
49.2500000477,2.2115
49.2550000477,2.2115
49.2600000477,2.149
49.2650000477,2.3365
49.2700000477,2.149
49.2750000477,2.274
49.2800000477,2.274
49.2850000477,2.149
49.2900000477,2.2115
49.2950000477,2.2115
49.3000000477,2.149
49.3050000477,2.2115
49.3100000477,2.2115
49.3150000477,2.2115
49.3200000477,2.149
49.3250000477,2.2115
49.3300000477,2.2115
49.3350000477,2.0865
49.3400000477,2.2115
49.3450000477,2.2115
49.3500000477,2.274
49.3550000477,2.2115
49.3600000477,2.0865
49.3650000477,2.274
49.3700000477,2.2115
49.3750000477,2.274
49.3800000477,2.2115
49.3850000477,2.149
49.3900000477,2.2115
49.3950000477,2.2115
49.4000000477,2.0865
49.4050000477,2.149
49.4100000477,2.2115
49.4150000477,2.274
49.4200000477,2.2115
49.4250000477,2.274
49.4300000477,2.2115
49.4350000477,2.2115
49.4400000477,2.149
49.4450000477,2.149
49.4500000477,2.149
49.4550000477,2.2115
49.4600000477,2.2115
49.4650000477,2.149
49.4700000477,2.2115
49.4750000477,2.274
49.4800000477,2.2115
49.4850000477,2.274
49.4900000477,2.274
49.4950000477,2.2115
49.5000000477,2.149
49.5050000477,2.149
49.5100000477,2.2115
49.5150000477,2.2115
49.5200000477,2.274
49.5250000477,2.149
49.5300000477,2.149
49.5350000477,2.0865
49.5400000477,2.2115
49.5450000477,2.274
49.5500000477,2.274
49.5550000477,2.149
49.5600000477,2.149
49.5650000477,2.149
49.5700000477,2.2115
49.5750000477,2.2115
49.5800000477,2.274
49.5850000477,2.149
49.5900000477,2.2115
49.5950000477,2.399
49.6000000477,2.0865
49.6050000477,2.2115
49.6100000477,2.149
49.6150000477,2.149
49.6200000477,2.149
49.6250000477,2.274
49.6300000477,2.2115
49.6350000477,2.149
49.6400000477,2.2115
49.6450000477,2.274
49.6500000477,2.0865
49.6550000477,2.2115
49.6600000477,2.274
49.6650000477,2.274
49.6700000477,2.2115
49.6750000477,2.2115
49.6800000477,2.2115
49.6850000477,2.274
49.6900000477,2.2115
49.6950000477,2.149
49.7000000477,2.2115
49.7050000477,2.2115
49.7100000477,2.149
49.7150000477,2.2115
49.7200000477,2.149
49.7250000477,2.274
49.7300000477,2.2115
49.7350000477,2.149
49.7400000477,2.149
49.7450000477,2.2115